Nr	ORT	Begin Time	End Time	Duration	
1	Buongiorno	644	1030	386	
2	a	1030	1080	50	
3	tutti <ii>	1080	1750	670	
4	ragazzi	1750	2560	810	
5	<sp>	2560	2670	110	
6	io<oo>	2670	3010	340	
7	sono	3010	3250	240	
8	Camilla	3250	3730	480	
9	<sp>	3730	4360	630	
10	sono<oo>	4360	4900	540	
11	la	4900	5020	120	
12	storica	5020	5450	430	
13	dell'arte	5450	6150	700	
14	che	6150	6419	269	
15	questa	6419	6750	331	
16	mattina	6750	7230	480	
17	vi	7230	7288	58	
18	accompagnerà	7288	8204	916	
19	attraverso	8204	8998	794	
20	gli	8998	9110	112	
21	ambienti	9110	9605	495	
22	della	9605	9818	213	
23	Certosa<aa>	9818	10790	972	
24	di	10790	10885	95	
25	San	10885	11040	155	
26	Martino	11040	11509	469	
27	<inspiration>	11509	11964	455	
28	Voi	11964	12100	136	
29	la	12100	12220	120	
30	conoscete	12220	12660	440	
31	già	12660	12980	320	
32	<INT>	12980	15125	2145	
33	si	15125	15480	355	
34	<INT>	15480	15650	170	
35	più	15650	15763	113	
36	o	15763	15830	67	
37	meno	15830	16365	535	
38	okay	16365	16810	445	
39	<inspiration>	16810	17152	342	
40	perchè	17152	17570	418	
41	<sp>	17570	17605	35	
42	spesso	17605	17980	375	
43	e	17980	18010	30	
44	vol+	18010	18150	140	
45	<eeh>	18150	18254	104	
46	/siete	18254	18473	219	
47	tutti	18473	18660	187	
48	napoletani	18660	19270	610	
49	<INT>	19270	20297	1027	
50	Okay	20297	20736	439	
51	<unclear>	20736	20895	159	
52	okay	20895	21232	337	
53	perché	21232	21510	278	
54	solitamente	21510	22268	758	
55	succede	22268	22870	602	
56	<inspiration>	22870	23180	310	
57	che<ee>	23180	23642	462	
58	anche	23642	23920	278	
59	per	23920	24069	149	
60	i	24069	24154	85	
61	ragazzi<ii>	24154	24970	816	
62	napoletani	24970	25920	950	
63	spesso	25920	26290	370	
64	è	26290	26325	35	
65	il	26325	26379	54	
66	tipico	26379	26740	361	
67	posto	26740	27100	360	
68	dove	27100	27290	190	
69	ti	27290	27370	80	
70	portano	27370	27820	450	
71	con	27820	27982	162	
72	le	27982	28050	68	
73	scuole	28050	28770	720	
74	<inspiration>	28770	29199	429	
75	e	29199	29384	185	
76	a	29384	29450	66	
77	volte	29450	29840	390	
78	succede	29840	30640	800	
79	succede	30640	31390	750	
80	<inspiration>	31390	31670	280	
81	di<ii>	31670	32020	350	
82	non	32020	32230	210	
83	tornarci	32230	33160	930	
84	non	33160	33320	160	
85	dico	33320	33500	180	
86	mai	33500	33700	200	
87	più	33700	34091	391	
88	da	34091	34206	115	
89	adulti	34206	34760	554	
90	però	34760	35138	378	
91	insomma	35138	35680	542	
92	con	35680	35841	161	
93	non	35841	36040	199	
94	tanta<aa>	36040	36771	731	
95	attenzione	36771	37440	669	
96	allora	37440	37711	271	
97	oggi	37711	38020	309	
98	è	38020	38110	90	
99	l'occasione	38110	38962	852	
100	<inspiration>	38962	39350	388	
101	<eeh>	39350	39964	614	
102	per	39964	40097	133	
103	rivedere	40097	40710	613	
104	insieme	40710	41350	640	
105	delle	41350	41580	230	
106	cose	41580	41900	320	
107	che	41900	41972	72	
108	magari	41972	42390	418	
109	conoscete	42390	43260	870	
110	o<oo>	43260	43570	310	
111	dove	43570	43770	200	
112	siete	43770	44020	250	
113	stati	44020	44380	360	
114	un	44380	44500	120	
115	po'<oo>	44500	44970	470	
116	un	44970	45120	150	
117	po'	45120	45250	130	
118	di	45250	45360	110	
119	tempo	45360	45690	330	
120	fa	45690	45880	190	
121	<inspiration>	45880	46490	610	
122	la <aa>	46490	46860	370	
123	Certosa	46860	47330	470	
124	di	47330	47440	110	
125	San	47440	47650	210	
126	Martino	47650	48460	810	
127	qui	48460	48660	200	
128	a	48660	48740	80	
129	Napoli<ii>	48740	49419	679	
130	<ehm>	49419	50480	1061	
131	<breath>	50480	50981	501	
132	ha	50981	51114	133	
133	almeno	51114	51872	758	
134	due	51872	52160	288	
135	anime	52160	52710	550	
136	<sp>	52710	53804	1094	
137	<eeh>	53804	54204	400	
138	una<aa>	54204	54794	590	
139	<ehm>	54794	56086	1292	
140	racconta	56086	56908	822	
141	la	56908	57060	152	
142	storia	57060	57800	740	
143	dei	57800	57930	130	
144	certosini	57930	58670	740	
145	<sp>	58670	59493	823	
146	e	59493	59564	71	
147	quindi<ii>	59564	60460	896	
148	<breath>	60460	60860	400	
149	<eeh>	60860	61159	299	
150	questa	61159	61439	280	
151	storia	61439	61760	321	
152	si	61760	61910	150	
153	snoda	61910	62288	378	
154	attraverso	62288	62850	562	
155	quelli	62850	63120	270	
156	che	63120	63190	70	
157	erano	63190	63420	230	
158	gli	63420	63550	130	
159	ambienti	63550	64090	540	
160	che	64090	64218	128	
161	questi	64218	64570	352	
162	monaci	64570	65090	520	
163	<sp>	65090	65210	120	
164	abitavano	65210	65810	600	
165	<sp>	65810	66601	791	
166	<tongue-click>	66601	66731	130	
167	però	66731	67000	269	
168	poi	67000	67159	159	
169	in	67159	67195	36	
170	realtà	67195	67665	470	
171	come	67665	67880	215	
172	dice<ee>	67880	68460	580	
173	la<aa>	68460	68760	300	
174	la	68760	68880	120	
175	dicitura	68880	69340	460	
176	stessa	69340	69780	440	
177	del	69780	69930	150	
178	museo	69930	70300	370	
179	oggiggiorno	70300	71000	700	
180	non	71000	71125	125	
181	è	71125	71184	59	
182	solo	71184	71490	306	
183	Certosa	71490	72020	530	
184	ma	72020	72160	140	
185	è	72160	72250	90	
186	anche	72250	72480	230	
187	Museo	72480	72780	300	
188	nazionale	72780	73480	700	
189	<inspiration>	73480	74120	640	
190	Significa	74120	74560	440	
191	che	74560	74660	100	
192	questo	74660	75030	370	
193	luogo	75030	75501	471	
194	<sp>	75501	75684	183	
195	in	75684	75721	37	
196	realtà	75721	76330	609	
197	a	76330	76383	53	
198	partire	76383	76880	497	
199	dagli	76880	77067	187	
200	anni	77067	77291	224	
201	sessanta	77291	77788	497	
202	del	77788	77917	129	
203	milleottocento	77917	78765	848	
204	è	78765	78810	45	
205	diventato	78810	79254	444	
206	anche	79254	79500	246	
207	museo	79500	80020	520	
208	<sp>	80020	80449	429	
209	<breath>	80449	80940	491	
210	e	80940	81201	261	
211	<sp>	81201	81296	95	
212	<eeh>	81296	81589	293	
213	all'epoca<aa>	81589	82478	889	
214	<sp>	82478	82604	126	
215	<eeh>	82604	83040	436	
216	si	83040	83200	160	
217	scelse	83200	83740	540	
218	il	83740	83780	40	
219	Museo	83780	84085	305	
220	di	84085	84170	85	
221	San	84170	84370	200	
222	Martino	84370	84860	490	
223	come	84860	85190	330	
224	non	85190	85362	172	
225	un	85362	85430	68	
226	museo	85430	85750	320	
227	qualunque	85750	86430	680	
228	<breath>	86430	86760	330	
229	ma	86760	87040	280	
230	come	87040	87300	260	
231	un	87300	87470	170	
232	luogo	87470	87900	430	
233	che	87900	88167	267	
234	<sp>	88167	88278	111	
235	<eeh>	88278	88577	299	
236	doveva<aa>	88577	89447	870	
237	<sp>	89447	89662	215	
238	<eeh>	89662	89793	131	
239	diventare	89793	90540	747	
240	di	90540	90640	100	
241	fatto	90640	91110	470	
242	il	91110	91180	70	
243	Museo	91180	91590	410	
244	civico	91590	92060	470	
245	di	92060	92150	90	
246	Napoli	92150	92570	420	
247	<sp>	92570	93134	564	
248	<inspiration>	93134	93657	523	
249	quindi<ii>	93657	94300	643	
250	ecco	94300	94560	260	
251	spiegate	94560	95240	680	
252	delle	95240	95450	210	
253	sezioni	95450	96110	660	
254	speciali	96110	96940	830	
255	dedicate	96940	97680	740	
256	ad	97680	97850	170	
257	alcune<ee>	97850	98500	650	
258	glorie	98500	99130	630	
259	<sp>	99130	99734	604	
260	<mhh>	99734	99962	228	
261	della	99962	100160	198	
262	tradizione	100160	100700	540	
263	napoletana	100700	101440	740	
264	<inspiration>	101440	101850	410	
265	Si	101850	102020	170	
266	pensi	102020	102470	450	
267	per	102470	102620	150	
268	esempio<oo>	102620	103512	892	
269	alla	103512	103660	148	
270	sezione	103660	104190	530	
271	presepiale	104190	104820	630	
272	<sp>	104820	104998	178	
273	dove	104998	105310	312	
274	appunto	105310	105760	450	
275	sono	105760	106010	250	
276	custodite	106010	106720	710	
277	<breath>	106720	107080	360	
278	alcuni<ii>	107080	108020	940	
279	<eeh>	108020	108223	203	
280	dei<ii>	108223	108750	527	
281	degli	108750	108950	200	
282	esempi	108950	109700	750	
283	<sp>	109700	109999	299	
284	<eeh>	109999	110366	367	
285	più	110366	110550	184	
286	belli	110550	110930	380	
287	di	110930	111010	80	
288	questa<aa>	111010	111780	770	
289	gloriosa	111780	112390	610	
290	per	112390	112522	132	
291	l'appunto	112522	112970	448	
292	tradizione<ee>	112970	114150	1180	
293	<sp>	114150	114280	130	
294	napoletana	114280	115020	740	
295	<sp>	115020	116115	1095	
296	<tongue-click>	116115	116187	72	
297	<sp>	116187	116480	293	
298	però	116480	116960	480	
299	<sp>	116960	117120	160	
300	<eeh>	117120	117412	292	
301	<sp>	117412	117596	184	
302	oggi	117596	118070	474	
303	in	118070	118250	180	
304	verità	118250	118610	360	
305	<breath>	118610	119210	600	
306	più	119210	119390	180	
307	che	119390	119630	240	
308	su	119630	119910	280	
309	questi	119910	120277	367	
310	aspetti	120277	120950	673	
311	immagini	120950	121390	440	
312	e	121390	121420	30	
313	memorie	121420	121970	550	
314	che	121970	122081	111	
315	racconta	122081	122720	639	
316	la	122720	122870	150	
317	storia	122870	123420	550	
318	la	123420	123490	70	
319	crescita	123490	124130	640	
320	<sp>	124130	124540	410	
321	diciamo	124540	125100	560	
322	della<aa>	125100	125690	590	
323	della	125690	125907	217	
324	città	125907	126530	623	
325	delle<ee>	126530	127252	722	
326	<breath>	127252	127600	348	
327	dei	127600	127689	89	
328	suoi	127689	127910	221	
329	ricordi	127910	128530	620	
330	storici	128530	129080	550	
331	in	129080	129110	30	
332	realtà	129110	129486	376	
333	<sp>	129486	129650	164	
334	ci	129650	129795	145	
335	concentreremo	129795	130510	715	
336	per	130510	130690	180	
337	di	130690	130860	170	
338	pi+/	130860	131087	227	
339	per	131087	131320	233	
340	lo	131320	131449	129	
341	più	131449	131860	411	
342	<breath>	131860	132320	460	
343	su	132320	132500	180	
344	quella	132500	132920	420	
345	che	132920	133010	90	
346	è	133010	133140	130	
347	proprio	133140	133550	410	
348	la	133550	133670	120	
349	vita	133670	133910	240	
350	dei	133910	134010	100	
351	certosini	134010	134701	691	
352	e	134701	134800	99	
353	la	134800	134910	110	
354	vita	134910	135170	260	
355	della<aa>	135170	135640	470	
356	Certosa	135640	136320	680	
357	<sp>	136320	136838	518	
358	<inspiration>	136838	137290	452	
359	Allora	137290	137670	380	
360	provate	137670	138105	435	
361	a	138105	138160	55	
362	immaginare<ee>	138160	139310	1150	
363	<sp>	139310	139660	350	
364	la	139660	139820	160	
365	Napoli	139820	140640	820	
366	di<ii>	140640	141420	780	
367	settecento	141420	142130	710	
368	anni	142130	142344	214	
369	fa<aa>	142344	142820	476	
370	<sp>	142820	143560	740	
371	<inspiration>	143560	143890	330	
372	su	143890	144090	200	
373	cui	144090	144480	390	
374	regnava<aa>	144480	145350	870	
375	<sp>	145350	145485	135	
376	la	145485	145580	95	
377	dinastia	145580	146130	550	
378	degli	146130	146330	200	
379	Angioini	146330	147105	775	
380	<sp>	147105	147350	245	
381	quindi	147350	147650	300	
382	di	147650	147730	80	
383	origine<ee>	147730	148400	670	
384	francese	148400	149210	810	
385	<inspiration>	149210	149754	544	
386	e	149754	149795	41	
387	provate	149795	150197	402	
388	a	150197	150243	46	
389	immaginare	150243	150960	717	
390	un	150960	151190	230	
391	Vomero	151190	151560	370	
392	visto	151560	151850	290	
393	che	151850	151939	89	
394	voi	151939	152150	211	
395	siete	152150	152390	240	
396	napoletani	152390	153010	620	
397	insomma	153010	153340	330	
398	possiamo	153340	153920	580	
399	fare	153920	154210	290	
400	un	154210	154350	140	
401	confronto<oo>	154350	155400	1050	
402	facile	155400	156130	730	
403	<breath>	156130	156566	436	
404	<eeh>	156566	156861	295	
405	un	156861	156980	119	
406	Vomero	156980	157340	360	
407	completamente<ee>	157340	158340	1000	
408	disabitato	158340	159180	840	
409	<sp>	159180	159557	377	
410	rispetto	159557	160041	484	
411	al	160041	160107	66	
412	quartiere<ee>	160107	160990	883	
413	commerciale<ee>	160990	162140	1150	
414	e	162140	162242	102	
415	animato	162242	163210	968	
416	che	163210	163365	155	
417	è	163365	163417	52	
418	oggi	163417	163880	463	
419	provate	163880	164212	332	
420	a	164212	164249	37	
421	immaginare	164249	164770	521	
422	una	164770	164940	170	
423	collina	164940	165700	760	
424	<breath>	165700	166060	360	
425	dove	166060	166520	460	
426	in	166520	166650	130	
427	pratica	166650	167000	350	
428	non	167000	167144	144	
429	c'era	167144	167440	296	
430	nulla	167440	167880	440	
431	<sp>	167880	168300	420	
432	una<aa>	168301	168971	670	
433	<vocal>	168971	169140	169	
434	quasi	169140	169380	240	
435	aperta<aa>	169380	170100	720	
436	campagna	170100	170820	720	
437	<inspiration>	170820	171279	459	
438	quindi	171279	171529	250	
439	un	171529	171780	251	
440	luogo	171780	172270	490	
441	che	172270	172330	60	
442	si	172330	172510	180	
443	prestava	172510	173230	720	
444	in	173230	173300	70	
445	maniera	173300	173680	380	
446	perfetta	173680	174560	880	
447	<inspiration>	174560	175126	566	
448	alla	175126	175415	289	
449	creazione	175415	176080	665	
450	di	176080	176140	60	
451	un	176140	176220	80	
452	monastero	176220	176910	690	
453	<sp>	176910	177850	940	
454	quindi<ii>	177850	178480	630	
455	il	178480	178770	290	
456	figlio	178770	179250	480	
457	del	179250	179364	114	
458	re	179364	179610	246	
459	Roberto	179610	180530	920	
460	cioè	180530	180820	290	
461	Carlo	180820	181317	497	
462	duca	181317	181570	253	
463	di	181570	181660	90	
464	Calabria	181660	182353	693	
465	<inspiration>	182353	182770	417	
466	diciamo	182770	183212	442	
467	appoggia	183212	184110	898	
468	<breath>	184110	184377	267	
469	<eeh>	184377	184643	266	
470	incoraggia	184643	185530	887	
471	<sp>	185530	185629	99	
472	la	185629	185740	111	
473	nascita	185740	186390	650	
474	<sp>	186390	186460	70	
475	di	186460	186590	130	
476	questa	186590	187310	720	
477	<sp>	187310	187400	90	
478	Certosa	187400	188130	730	
479	<breath>	188130	188460	330	
480	lo	188460	188600	140	
481	sapete	188600	189000	400	
482	che	189000	189097	97	
483	in	189097	189170	73	
484	Campania	189170	189770	600	
485	poi	189770	189900	130	
486	ce	189900	190020	120	
487	ne	190020	190110	90	
488	sono	190110	190380	270	
489	altre	190380	190730	350	
490	due	190730	191020	290	
491	quella	191020	191320	300	
492	di	191320	191430	110	
493	Padula	191430	191960	530	
494	<sp>	191960	192045	85	
495	e	192045	192100	55	
496	quella<aa>	192100	192990	890	
497	<sp>	192990	193100	110	
498	e	193100	193160	60	
499	quella	193160	193470	310	
500	di	193470	193580	110	
501	Capri	193580	193990	410	
502	<inspiration>	193990	194490	500	
503	Quindi	194490	194769	279	
504	negli	194769	195004	235	
505	anni	195004	195290	286	
506	Venti	195290	195810	520	
507	incominciano	195810	196554	744	
508	i	196554	196696	142	
509	lavori	196696	197370	674	
510	<inspiration>	197370	197962	592	
511	<eeh>	197962	198368	406	
512	affidati	198368	198900	532	
513	tra	198900	199060	160	
514	gli	199060	199200	140	
515	altri	199200	199700	500	
516	anche	199700	200158	458	
517	a<aa>	200158	200470	312	
518	Tino	200470	200740	270	
519	di	200740	200850	110	
520	Camaino	200850	201530	680	
521	<sp>	201530	202070	540	
522	che<ee>	202070	202460	390	
523	qui	202460	202840	380	
524	lavora	202840	203340	500	
525	in	203340	203460	120	
526	veste	203460	203770	310	
527	di	203770	203850	80	
528	architetto	203850	204560	710	
529	ma<aa>	204560	204910	350	
530	che	204910	205070	160	
531	per	205070	205250	180	
532	il	205250	205390	140	
533	re	205390	205644	254	
534	già	205644	206025	381	
535	lavorava	206025	206830	805	
536	<breath>	206830	207030	200	
537	come<ee>	207030	207620	590	
538	come	207620	207830	210	
539	scultore	207830	208420	590	
540	alcune	208420	208730	310	
541	sue	208730	208890	160	
542	opere	208890	209110	220	
543	le	209110	209200	90	
544	poss+/	209200	209460	260	
545	le	209460	209590	130	
546	potete	209590	209920	330	
547	vedere	209920	210250	330	
548	in	210250	210380	130	
549	Santa	210380	210770	390	
550	Chiara	210770	211210	440	
551	le	211210	211300	90	
552	potete	211300	211580	280	
553	vedere	211580	211990	410	
554	<inspiration>	211990	212323	333	
555	a	212323	212380	57	
556	Donna	212380	212680	300	
557	Regina	212680	213200	520	
558	le	213200	213290	90	
559	potete	213290	213590	300	
560	vedere	213590	213930	340	
561	a	213930	213950	20	
562	San	213950	214190	240	
563	Lorenzo	214190	214843	653	
564	<sp>	214843	215649	806	
565	<tongue-click>	215649	215702	53	
566	<eeh>	215702	216066	364	
567	incominciano	216066	216670	604	
568	quindi	216670	217160	490	
569	<sp>	217160	217211	51	
570	i	217211	217307	96	
571	lavori	217307	217900	593	
572	<inspiration>	217900	218285	385	
573	che	218285	218522	237	
574	<sp>	218522	218592	70	
575	in	218592	218681	89	
576	realtà	218681	219265	584	
577	<sp>	219265	219400	135	
578	<eeh>	219400	219630	230	
579	Carlo	219630	220100	470	
580	non	220100	220240	140	
581	vedrà	220240	220500	260	
582	mai	220500	221100	600	
583	<breath>	221100	221397	297	
584	<ehm>	221397	222653	1256	
585	completi	222653	223370	717	
586	perchè	223370	223848	478	
587	<sp>	223848	223950	102	
588	<eeh>	223950	224104	154	
589	muore	224104	224668	564	
590	in	224668	224704	36	
591	realtà	224704	225040	336	
592	muore	225040	225650	610	
593	<sp>	225650	225759	109	
594	ancor	225759	226055	296	
595	prima	226055	226480	425	
596	di<ii>	226480	226830	350	
597	di	226830	226950	120	
598	suo	226950	227130	180	
599	padre	227130	227530	400	
600	<inspiration>	227530	227998	468	
601	a	227998	228060	62	
602	mettere	228060	228510	450	
603	diciamo	228510	228910	400	
604	la	228910	229020	110	
605	parola	229020	229350	330	
606	fine	229350	229840	490	
607	<sp>	229840	230128	288	
608	in	230128	230180	52	
609	qualche	230180	230517	337	
610	modo	230517	230957	440	
611	a	230957	230990	33	
612	questa	230990	231300	310	
613	fase	231300	231580	280	
614	di	231580	231670	90	
615	lavori	231670	232020	350	
616	trecentesca	232020	232852	832	
617	<sp>	232852	232935	83	
618	è	232935	233010	75	
619	la	233010	233130	120	
620	regina	233130	233710	580	
621	<breath>	233710	233910	200	
622	Giovanna	233910	234510	600	
623	<sp>	234510	235100	590	
624	che	235100	235228	128	
625	in	235228	235246	18	
626	realtà	235246	235708	462	
627	<vocal>	235708	235828	120	
628	potete	235828	236180	352	
629	vedere	236180	236780	600	
630	<breath>	236780	237101	321	
631	<eeh>	237101	237301	200	
632	in	237301	237420	119	
633	quell'affresco	237420	238330	910	
634	<sp>	238330	238450	120	
635	ben	238450	238660	210	
636	più	238660	238807	147	
637	tardo	238807	239340	533	
638	naturalmente	239340	240050	710	
639	del	240050	240210	160	
640	Trecento	240210	240977	767	
641	<inspiration>	240977	241360	383	
642	dove	241360	241902	542	
643	<sp>	241902	242115	213	
644	offre	242115	242830	715	
645	<sp>	242830	243220	390	
646	il	243220	243310	90	
647	monastero	243310	244040	730	
648	stesso	244040	244620	580	
649	la	244620	244740	120	
650	Certosa	244740	245250	510	
651	stessa	245250	245876	626	
652	<sp>	245876	245961	85	
653	a	245961	246040	79	
654	San	246040	246370	330	
655	Bruno	246370	246860	490	
656	<sp>	246860	247080	220	
657	di	247080	247190	110	
658	cui	247190	247370	180	
659	parleremo	247370	247925	555	
660	a	247925	247980	55	
661	lungo	247980	248574	594	
662	<sp>	248574	248840	266	
663	durante	248840	249490	650	
664	la	249490	249670	180	
665	nostra	249670	250030	360	
666	visita	250030	250380	350	
667	perché	250380	250745	365	
668	<inspiration>	250745	251170	425	
669	si	251170	251270	100	
670	tratta	251270	251600	330	
671	del	251600	251730	130	
672	fondatore<ee>	251730	252824	1094	
673	<sp>	252824	253049	225	
674	del	253049	253150	101	
675	fondatore	253150	253620	470	
676	dell'ordine	253620	254210	590	
677	<sp>	254210	255132	922	
678	<inspiration>	255132	255592	460	
679	quindi	255592	255985	393	
680	la<aa>	255985	256450	465	
681	Certosa	256450	257050	600	
682	ha	257050	257250	200	
683	un'origine	257250	258020	770	
684	<sp>	258020	258500	480	
685	trecentesca	258500	259560	1060	
686	come	259560	259800	240	
687	vi	259800	259920	120	
688	dicevo	259920	260478	558	
689	<sp>	260478	260579	101	
690	però	260579	260852	273	
691	se	260852	260980	128	
692	già	260980	261190	210	
693	date	261190	261360	170	
694	uno	261360	261600	240	
695	sguardo	261600	262230	630	
696	insomma<aa>	262230	262983	753	
697	<inspiration>	262983	263390	407	
698	<eeh>	263390	263680	290	
699	nell'ambiente	263680	264380	700	
700	dove	264380	264590	210	
701	ci	264590	264730	140	
702	troviamo	264730	265335	605	
703	di	265335	265480	145	
704	trecentesco	265480	266430	950	
705	<inspiration>	266430	266570	140	
706	c'è	266570	266757	187	
707	ben	266757	266979	222	
708	poco	266979	267480	501	
709	<sp>	267480	267633	153	
710	in	267633	267750	117	
711	verità	267750	268120	370	
712	<inspiration>	268120	268410	290	
713	forse	268410	268680	270	
714	proprio	268680	268970	290	
715	sulla	268970	269240	270	
716	vostra	269240	269600	360	
717	testa	269600	270020	420	
718	potete	270020	270350	330	
719	vedere	270350	270852	502	
720	<breath>	270852	271098	246	
721	quel	271098	271280	182	
722	che	271280	271455	175	
723	resta	271455	272150	695	
724	di	272150	272230	80	
725	alcuni	272230	272760	530	
726	archi	272760	273320	560	
727	a	273320	273390	70	
728	sesto	273390	273990	600	
729	acuto	273990	274510	520	
730	<sp>	274510	274753	243	
731	quindi	274753	275020	267	
732	come	275020	275250	230	
733	vedete	275250	275850	600	
734	<inspiration>	275850	276142	292	
735	si	276142	276290	148	
736	è	276290	276370	80	
737	intervenuti	276370	277540	1170	
738	<breath>	277540	278159	619	
739	<eeh>	278159	278313	154	
740	successivamente	278313	279330	1017	
741	sulle	279330	279590	260	
742	strutture	279590	280430	840	
743	<sp>	280430	280670	240	
744	medievali	280670	281340	670	
745	<inspiration>	281340	281779	439	
746	questo<oo> 	281779	282960	1181	
747	questi	282960	283340	380	
748	lavori	283340	284060	720	
749	<inspiration>	284060	284643	583	
750	di	284643	284840	197	
751	ammodernamento	284840	285900	1060	
752	cominciano	285900	286850	950	
753	<sp>	286850	287260	410	
754	alla	287260	287440	180	
755	fine	287440	287700	260	
756	del	287700	287820	120	
757	millecinquecento	287820	288986	1166	
758	<inspiration>	288986	289475	489	
759	e	289475	289510	35	
760	potremmo	289510	289960	450	
761	dire	289960	290310	350	
762	che<ee>	290310	291270	960	
763	<ehm>	291270	291600	330	
764	<breath>	291600	292033	433	
765	non	292033	292140	107	
766	si	292140	292300	160	
767	fermano	292300	292740	440	
768	quasi<ii>	292740	293595	855	
769	mai	293595	293749	154	
770	più	293749	294056	307	
771	praticamente	294056	294830	774	
772	la	294830	295050	220	
773	la	295050	295210	160	
774	fase	295210	295550	340	
775	clou	295550	295794	244	
776	dei	295794	295942	148	
777	lavori	295942	296540	598	
778	<inspiration>	296540	296821	281	
779	si	296821	297000	179	
780	ha	297000	297220	220	
781	<sp>	297220	297405	185	
782	a	297405	297451	46	
783	partire	297451	297870	419	
784	da	297870	297970	100	
785	quel	297970	298130	160	
786	momento	298130	298713	583	
787	e	298713	298850	137	
788	nel	298850	299060	210	
789	Seicento	299060	299739	679	
790	ma	299739	299880	141	
791	in	299880	299903	23	
792	realtà	299903	300246	343	
793	poi	300246	300510	264	
794	come	300510	300700	190	
795	dire	300700	300970	270	
796	<inspiration>	300970	301249	279	
797	si	301249	301446	197	
798	prolunga	301446	302300	854	
799	<sp>	302300	302510	210	
800	fino	302510	302822	312	
801	al	302822	302995	173	
802	millesettecento	302995	304109	1114	
803	<inspiration>	304109	304392	283	
804	la	304392	304492	100	
805	Certosa	304492	305190	698	
806	<inspiration>	305190	305570	380	
807	<ehm>	305570	306547	977	
808	agli	306547	306790	243	
809	inizi	306790	307044	254	
810	del	307044	307190	146	
811	milleottocento	307190	308340	1150	
812	<inspiration>	308340	308562	222	
813	<ehm>	308562	309500	938	
814	<sp>	309500	309859	359	
815	<tongue click>	309859	309972	113	
816	gli	309972	310042	70	
817	ordini	310042	310385	343	
818	vengono	310385	310700	315	
819	soppressi	310700	311512	812	
820	<sp>	311512	311752	240	
821	<tongue click>	311752	311797	45	
822	quindi	311797	312010	213	
823	i	312010	312031	21	
824	certosini	312031	312580	549	
825	sono	312580	312786	206	
826	costretti	312786	313400	614	
827	ad	313400	313490	90	
828	andar	313490	313790	300	
829	via	313790	314193	403	
830	per	314193	314340	147	
831	un <nn>/	314340	314893	553	
832	poi	314893	315132	239	
833	ritorneranno	315132	315930	798	
834	per	315930	316056	126	
835	poi	316056	316330	274	
836	essere	316330	316680	350	
837	definitivamente	316680	317756	1076	
838	<breath>	317756	318079	323	
839	<ehm>	318079	318724	645	
840	cacciati	318724	319438	714	
841	ed	319438	319610	172	
842	è	319610	319669	59	
843	per	319669	319855	186	
844	questo	319855	320289	434	
845	che	320289	320450	161	
846	<noise>	320450	320736	286	
847	<inspiration>	320736	321150	414	
848	<cough>	321150	321980	830	
849	<tongue-click>	321980	322634	654	
850	scusate	322634	323190	556	
851	<inspiration>	323190	323460	270	
852	poi	323460	323690	230	
853	la	323690	323790	100	
854	Certosa	323790	324300	510	
855	come	324300	324493	193	
856	vi	324493	324620	127	
857	dicevo	324620	325210	590	
858	<sp>	325210	325793	583	
859	<tongue-click>	325793	325949	156	
860	diventerà	325949	326589	640	
861	diventerà	326589	327109	520	
862	museo	327109	327650	541	
863	<inspiration>	327650	328325	675	
864	<ehm>	328325	329210	885	
865	<tongue-click>	329210	329311	101	
866	questi	329311	329958	647	
867	<eeh>	329958	330364	406	
868	lavori	330364	331200	836	
869	<sp>	331200	331396	196	
870	<eeh>	331396	331501	105	
871	di	331501	331628	127	
872	ammodernamento	331628	332723	1095	
873	quindi	332723	332990	267	
874	incominciano	332990	333950	960	
875	alla	333950	334095	145	
876	fine	334095	334320	225	
877	del	334320	334380	60	
878	millecinquecento	334380	335441	1061	
879	e	335441	335810	369	
880	<sp>	335810	336080	270	
881	<ehm>	336080	336692	612	
882	come	336692	336930	238	
883	vi	336930	337020	90	
884	dicevo	337020	337526	506	
885	si	337526	337640	114	
886	prolungano	337640	338410	770	
887	<inspiration>	338410	338633	223	
888	per	338633	338803	170	
889	molto	338803	339220	417	
890	tempo	339220	339741	521	
891	<inspiration>	339741	340003	262	
892	e	340003	340350	347	
893	<ehm>	340350	340628	278	
894	vedono	340628	341223	595	
895	andare	341223	341710	487	
896	e	341710	341794	84	
897	venire	341794	342430	636	
898	dalla	342430	342680	250	
899	Certosa	342680	343376	696	
900	<inspiration>	343376	343606	230	
901	alcuni	343606	344210	604	
902	dei	344210	344383	173	
903	migliori	344383	345180	797	
904	<ehm>	345180	345593	413	
905	artisti	345593	346490	897	
906	<sp>	346490	346740	250	
907	su	346740	346903	163	
908	piazza	346903	347490	587	
909	<inspiration>	347490	348100	610	
910	<ehm>	348100	348488	388	
911	qui	348488	348745	257	
912	per	348745	348865	120	
913	esempio	348865	349492	627	
914	c'è	349492	349737	245	
915	Belisario	349737	350230	493	
916	Corenzio	350230	350947	717	
917	Giovanni	350947	351395	448	
918	Baglione	351395	352109	714	
919	ma	352109	352467	358	
920	<inspiration>	352467	352675	208	
921	<ehm>	352675	353040	365	
922	se	353040	353520	480	
923	<ehm>	353520	353994	474	
924	guardate	353994	354793	799	
925	<inspiration>	354793	355080	287	
926	per	355080	355251	171	
927	quanto	355251	355580	329	
928	possibile	355580	356510	930	
929	<inspiration>	356510	356850	340	
930	<ehm>	356850	357743	893	
931	la	357743	357948	205	
932	chiesa	357948	358369	421	
933	dove	358369	358530	161	
934	al	358530	358620	90	
935	momento	358620	359010	390	
936	non	359010	359130	120	
937	possiamo	359130	359588	458	
938	entrare	359588	360177	589	
939	<inspiration>	360177	360420	243	
940	<ehm>	360420	361250	830	
941	<sp>	361250	361400	150	
942	perché	361400	361875	475	
943	a+	361875	362019	144	
944	<ehm>	362022	362256	234	
945	abbiamo	362256	362631	375	
946	a	362631	362690	59	
947	cuore	362690	363340	650	
948	<sp>	363340	363690	350	
949	<ehm>	363690	364139	449	
950	la	364139	364260	121	
951	conservazione	364260	365300	1040	
952	del	365300	365424	124	
953	pavimento	365424	366087	663	
954	che	366087	366160	73	
955	in	366160	366200	40	
956	questo	366200	366510	310	
957	momento	366510	367080	570	
958	è	367080	367226	146	
959	in	367226	367270	44	
960	una	367270	367430	160	
961	fase	367430	367760	330	
962	un	367760	367840	80	
963	po'	367840	368134	294	
964	<inspiration>	368134	368440	306	
965	<ehm>	368440	369701	1261	
966	delicata	369701	370553	852	
967	dobbiamo	370553	370890	337	
968	insomma	370890	371216	326	
969	preservarlo	371216	372070	854	
970	ci	372070	372175	105	
971	dobbiamo	372175	372430	255	
972	accontentare	372430	373400	970	
973	<inspiration>	373400	373750	350	
974	di	373750	373870	120	
975	vederlo<oo>	373870	374476	606	
976	da	374476	374600	124	
977	qui	374600	375150	550	
978	<inspiration>	375150	375486	336	
979	comunque	375486	376060	574	
980	anche	376060	376441	381	
981	in	376441	376529	88	
982	questo	376529	376850	321	
983	modo	376850	377323	473	
984	anche	377323	377638	315	
985	se	377638	377750	112	
986	vi 	377750	377881	131	
987	<ehm>	377881	378042	161	
988	vi	378042	378180	138	
989	potete	378180	378400	220	
990	anche	378400	378610	210	
991	avvicinare	378610	379030	420	
992	un	379030	379140	110	
993	pochettino	379140	379935	795	
994	<sp>	379935	380279	344	
995	<inspiration>	380279	380546	267	
996	<tongue-click>	380546	380670	124	
997	potete	380670	381224	554	
998	intuire	381224	382137	913	
999	<inspiration>	382137	382500	363	
1000	<ehm>	382500	383424	924	
1001	<sp>	383424	383863	439	
1002	la <aa>	383863	384304	441	
1003	la	384304	384417	113	
1004	bellezza	384417	385140	723	
1005	<sp>	385140	385440	300	
1006	di	385440	385590	150	
1007	questo<oo>	385590	386315	725	
1008	di	386315	386430	115	
1009	questo	386430	386810	380	
1010	luogo	386810	387275	465	
1011	<inspiration>	387275	387608	333	
1012	innanzitutto	387608	388277	669	
1013	la	388277	388409	132	
1014	ricchezza	388409	389102	693	
1015	incredibile	389102	390120	1018	
1016	<sp>	390120	390193	73	
1017	di	390193	390303	110	
1018	marmi	390303	390750	447	
1019	commessi	390750	391440	690	
1020	quindi	391440	391741	301	
1021	questo<oo>	391741	392300	559	
1022	<inspiration>	392300	392487	187	
1023	questa	392487	392700	213	
1024	sorta	392700	392990	290	
1025	di	392990	393084	94	
1026	puzzle	393084	393610	526	
1027	<sp>	393610	393760	150	
1028	in	393760	393891	131	
1029	un	393891	393985	94	
1030	certo	393985	394368	383	
1031	senso	394368	394920	552	
1032	<inspiration>	394920	395140	220	
1033	<ehm>	395140	395460	320	
1034	di<ii>	395460	395925	465	
1035	di	395925	396056	131	
1036	marmi	396056	396766	710	
1037	<inspiration>	396766	396993	227	
1038	<ehm>	396993	397599	606	
1039	pregiati	397599	398440	841	
1040	<inspiration>	398440	398750	310	
1041	<ehm>	398750	399089	339	
1042	un	399089	399230	141	
1043	tipo	399230	399527	297	
1044	di	399527	399640	113	
1045	lavorazione	399640	400550	910	
1046	che	400550	400892	342	
1047	<tongue-click>	400892	401050	158	
1048	<ehm>	401050	401247	197	
1049	a	401247	401370	123	
1050	Napoli	401370	402211	841	
1051	<ehm>	402211	403323	1112	
1052	diciamo<oo>	403323	404127	804	
1053	<inspiration>	404127	404390	263	
1054	<eeh>	404390	405423	1033	
1055	diventerà	405423	406240	817	
1056	quella	406240	406543	303	
1057	poi	406543	406833	290	
1058	più<uu>	406833	407404	571	
1059	di	407404	407522	118	
1060	moda	407522	407933	411	
1061	in	407933	408017	84	
1062	un	408017	408110	93	
1063	certo	408110	408419	309	
1064	senso	408419	408766	347	
1065	grazie	408766	409122	356	
1066	all'intervento	409122	409890	768	
1067	di	409890	409970	80	
1068	Cosimo	409970	410369	399	
1069	Fanzago	410369	411128	759	
1070	<inspiration>	411128	411510	382	
1071	<ehm>	411510	412224	714	
1072	<sp>	412224	413011	787	
1073	marmoraro	413011	413890	879	
1074	e<ee>	413890	414328	438	
1075	architetto	414328	415324	996	
1076	<inspiration>	415324	415709	385	
1077	di	415709	415880	171	
1078	origine	415880	416550	670	
1079	<sp>	416550	417114	564	
1080	bergamasca	417114	418170	1056	
1081	<sp>	418170	418530	360	
1082	quindi<ii>	418530	419100	570	
1083	dal	419100	419270	170	
1084	Nord	419270	419746	476	
1085	che	419746	419821	75	
1086	però	419821	420063	242	
1087	passa	420063	420390	327	
1088	tutta	420390	420640	250	
1089	la	420640	420730	90	
1090	sua	420730	420890	160	
1091	vita	420890	421150	260	
1092	vive	421150	421340	190	
1093	e	421340	421370	30	
1094	lavora	421370	421750	380	
1095	qui	421750	422090	340	
1096	<sp>	422090	422211	121	
1097	<noise>	422211	422303	92	
1098	a	422303	422370	67	
1099	Napoli	422370	422960	590	
1100	<sp>	422960	423014	54	
1101	<noise>	423014	423069	55	
1102	e	423069	423192	123	
1103	in	423192	423360	168	
1104	particolare	423360	423990	630	
1105	in	423990	424100	110	
1106	Certosa	424100	424860	760	
1107	<inspiration>	424860	425180	320	
1108	<ehm>	425180	425519	339	
1109	lavora	425519	426052	533	
1110	u+	426052	426251	199	
1111	circa	426251	426582	331	
1112	un	426582	426677	95	
1113	trent'anni	426677	427370	693	
1114	dagli	427370	427630	260	
1115	an+	427630	427781	151	
1116	<sp>	427781	427949	168	
1117	<ehm>	427949	428005	56	
1118	dagli	428005	428255	250	
1119	anni	428255	428470	215	
1120	Venti	428470	428960	490	
1121	<tongue-click>	428960	429190	230	
1122	in	429190	429379	189	
1123	poi	429379	429800	421	
1124	<inspiration>	429800	430300	500	
1125	<ehm>	430300	430720	420	
1126	in	430720	430862	142	
1127	realtà	430862	431381	519	
1128	i	431381	431510	129	
1129	ma<aa>rmi	431510	431910	400	
1130	che	431910	432028	118	
1131	qui	432028	432210	182	
1132	vedete	432210	432579	369	
1133	vengono	432579	433280	701	
1134	<tongue-click>	433280	433539	259	
1135	lavorati	433539	434266	727	
1136	vengono<oo> /	434266	434920	654	
1137	la	434920	435032	112	
1138	chiesa	435032	435499	467	
1139	viene	435499	435705	206	
1140	completata	435705	436450	745	
1141	in	436450	436623	173	
1142	seguito	436623	437415	792	
1143	<inspiration>	437415	437854	439	
1144	<ehm>	437854	438245	391	
1145	e	438245	438394	149	
1146	all'interno	438394	439230	836	
1147	la	439230	439330	100	
1148	decorazione	439330	439966	636	
1149	non	439966	440095	129	
1150	è	440095	440160	65	
1151	solamente	440160	440830	670	
1152	di	440830	440950	120	
1153	tipo	440950	441400	450	
1154	marmoreo	441400	442120	720	
1155	come	442120	442302	182	
1156	potete	442302	442600	298	
1157	vedere	442600	443077	477	
1158	<inspiration>	443077	443340	263	
1159	ma	443340	443755	415	
1160	<sp>	443755	443832	77	
1161	<ehm>	443832	444283	451	
1162	nelle	444283	444536	253	
1163	cappelle	444536	445221	685	
1164	per	445221	445330	109	
1165	esempio	445330	445850	520	
1166	abbiamo<oo>	445850	446647	797	
1167	<ehm>	446647	446978	331	
1168	<breath>	446978	447148	170	
1169	<sp>	447148	447470	322	
1170	cioè	447470	447793	323	
1171	c'è	447793	448011	218	
1172	stato	448011	448335	324	
1173	l'intervento	448335	448935	600	
1174	di	448935	449020	85	
1175	alcuni	449020	449345	325	
1176	dei	449345	449447	102	
1177	pittori<ii>	449447	449990	543	
1178	maggiori	449990	450703	713	
1179	<inspiration>	450703	451020	317	
1180	<ehm>	451020	451187	167	
1181	del	451187	451304	117	
1182	Seicento	451304	451780	476	
1183	e	451780	451820	40	
1184	del	451820	451970	150	
1185	Settecento<oo>	451970	452845	875	
1186	napoletano	452845	453542	697	
1187	<inspiration>	453542	453732	190	
1188	la	453732	453823	91	
1189	prima	453823	454075	252	
1190	cappella	454075	454455	380	
1191	a	454455	454492	37	
1192	sinistra	454492	455096	604	
1193	per	455096	455210	114	
1194	esempio	455210	455573	363	
1195	è	455573	455600	27	
1196	stata<aa>	455600	456081	481	
1197	<ehm>	456081	456157	76	
1198	decorata	456157	456730	573	
1199	da	456730	456815	85	
1200	Battistello	456815	457460	645	
1201	Caracciolo	457460	458104	644	
1202	<inspiration>	458104	458333	229	
1203	<sp>	458333	458875	542	
1204	<noise>	458875	458958	83	
1205	che	458958	459084	126	
1206	è	459084	459181	97	
1207	stato<oo>	459181	459907	726	
1208	<inspiration>	459907	460200	293	
1209	diciamo	460200	460700	500	
1210	l'allievo	460700	461300	600	
1211	non	461300	461486	186	
1212	ufficia<aa>le	461486	462253	767	
1213	<inspiration>	462253	462554	301	
1214	<ehm>	462554	463100	546	
1215	di<ii>	463100	463400	300	
1216	Carava<aa>ggio	463400	464120	720	
1217	a	464120	464236	116	
1218	Napoli	464236	464758	522	
1219	colui	464758	465110	352	
1220	che	465110	465262	152	
1221	lo	465262	465384	122	
1222	ha	465384	465541	157	
1223	più	465541	465796	255	
1224	di	465796	465917	121	
1225	tutti /	465917	466520	603	
1226	<inspiration>	466520	466786	266	
1227	<ehm>	466786	468402	1616	
1228	più	468402	468565	163	
1229	di 	468565	468654	89	
1230	tutti	468654	468859	205	
1231	ha	468859	468884	25	
1232	saputo	468884	469351	467	
1233	come	469351	469570	219	
1234	dire<ee>	469570	470020	450	
1235	<inspiration>	470020	470256	236	
1236	<ehm>	470256	470574	318	
1237	interpretare	470574	471413	839	
1238	ha	471413	471446	33	
1239	saputo	471446	472250	804	
1240	<sp>	472250	472428	178	
1241	<ehm>	472428	473420	992	
1242	fare	473420	473735	315	
1243	<sp>	473735	473858	123	
1244	<ehm>	473858	474210	352	
1245	far	474210	474400	190	
1246	teso<oo>ro	474400	474991	591	
1247	<sp>	474991	475240	249	
1248	del<ll>	475240	475670	430	
1249	della	475670	475980	310	
1250	sua<aa>	475980	476462	482	
1251	della	476462	476688	226	
1252	sua	476688	476840	152	
1253	lezione	476840	477460	620	
1254	anche	477460	477768	308	
1255	se	477768	477870	102	
1256	qui	477870	478040	170	
1257	lo	478040	478140	100	
1258	vediamo	478140	478534	394	
1259	lavorare	478534	478890	356	
1260	anche	478890	479126	236	
1261	in	479126	479180	54	
1262	affresco	479180	479710	530	
1263	<inspiration>	479710	479973	263	
1264	e	479973	480042	69	
1265	Caravaggio	480042	480760	718	
1266	<sp>	480760	481085	325	
1267	a	481085	481210	125	
1268	quanto	481210	481613	403	
1269	ne	481613	481690	77	
1270	sappiamo	481690	482362	672	
1271	<inspiration>	482362	482673	311	
1272	in	482673	482756	83	
1273	affresco	482756	483448	692	
1274	non<nn>	483448	483840	392	
1275	lavorava	483840	484428	588	
1276	quindi	484428	484710	282	
1277	una	484710	484880	170	
1278	chie+ 	484880	485242	362	
1279	una<aa>	485242	485570	328	
1280	cappella	485570	485990	420	
1281	dedicata	485990	486321	331	
1282	a	486321	486345	24	
1283	San	486345	486663	318	
1284	Gennaro	486663	487290	627	
1285	<sp>	487290	487471	181	
1286	il	487471	487600	129	
1287	nostro	487600	487960	360	
1288	santo	487960	488280	320	
1289	patrono	488280	488750	470	
1290	quindi	488750	488960	210	
1291	non	488960	489110	150	
1292	può	489110	489244	134	
1293	mancare	489244	490000	756	
1294	<inspiration>	490000	490428	428	
1295	una	490428	490685	257	
1296	cappella	490685	491170	485	
1297	dedicata	491170	491704	534	
1298	a	491704	491760	56	
1299	San	491760	492090	330	
1300	Bruno	492090	492630	540	
1301	che	492630	492780	150	
1302	vi	492780	492900	120	
1303	ho	492900	492918	18	
1304	detto	492918	493230	312	
1305	è	493230	493243	13	
1306	una	493243	493340	97	
1307	sorta	493340	493653	313	
1308	di	493653	493730	77	
1309	evergreen	493730	494220	490	
1310	e	494220	494268	48	
1311	naturalmente	494268	494812	544	
1312	in	494812	494930	118	
1313	Certosa	494930	495333	403	
1314	essendo	495333	495720	387	
1315	il	495720	495743	23	
1316	fondatore	495743	496350	607	
1317	dell'Ordine	496350	497094	744	
1318	<inspiration>	497094	497370	276	
1319	una	497370	497515	145	
1320	cappella	497515	498025	510	
1321	dedicata	498025	498524	499	
1322	all'Assunta	498524	499450	926	
1323	<inspiration>	499450	499750	300	
1324	<ehm>	499750	500632	882	
1325	una	500632	500809	177	
1326	cappella	500809	501288	479	
1327	per	501288	501380	92	
1328	esempio	501380	501730	350	
1329	dedica<aa>ta	501730	502510	780	
1330	<inspiration>	502510	502770	260	
1331	<ehm>	502770	502978	208	
1332	a	502978	503073	95	
1333	San	503073	503350	277	
1334	Martino	503350	504007	657	
1335	<sp>	504007	504724	717	
1336	che	504724	504883	159	
1337	è	504883	505072	189	
1338	<sp>	505072	505265	193	
1339	il	505265	505351	86	
1340	santo	505351	505950	599	
1341	di	505950	506040	90	
1342	fatto	506040	506409	369	
1343	a	506409	506447	38	
1344	cui	506447	506642	195	
1345	è	506642	506676	34	
1346	dedicata	506676	507176	500	
1347	la	507176	507256	80	
1348	Certosa	507256	507750	494	
1349	santo	507750	508056	306	
1350	francese	508056	508850	794	
1351	<sp>	508850	509018	168	
1352	se	509018	509118	100	
1353	pensate	509118	509911	793	
1354	a	509911	510100	189	
1355	questa<aa>	510100	510730	630	
1356	piccola	510730	511057	327	
1357	informazione	511057	511730	673	
1358	è	511730	511814	84	
1359	ovvio	511814	512390	576	
1360	visto	512390	512852	462	
1361	che	512852	513106	254	
1362	<inspiration>	513106	513594	488	
1363	<sp>	513594	514033	439	
1364	a	514033	514088	55	
1365	capo	514088	514788	700	
1366	insomma	514788	515266	478	
1367	sul	515266	515482	216	
1368	trono	515482	515916	434	
1369	napoletano	515916	516612	696	
1370	c'erano	516612	516975	363	
1371	dei	516975	517070	95	
1372	sovrani	517070	517510	440	
1373	di	517510	517610	100	
1374	origine	517610	517980	370	
1375	francese	517980	518499	519	
1376	<inspiration>	518499	518734	235	
1377	e	518734	518799	65	
1378	poi	518799	519180	381	
1379	<ehm>	519180	519390	210	
1380	c'è	519390	519600	210	
1381	anche	519600	519837	237	
1382	una<aa>	519837	520284	447	
1383	<ehm>	520284	520495	211	
1384	una	520495	520593	98	
1385	cappella	520593	520993	400	
1386	dedicata	520993	521452	459	
1387	a	521452	521482	30	
1388	San	521482	521771	289	
1389	Giovanni	521771	522099	328	
1390	Battista	522099	522840	741	
1391	<inspiration>	522840	523319	479	
1392	che	523319	523552	233	
1393	in	523552	523730	178	
1394	fondo	523730	524363	633	
1395	è	524363	524427	64	
1396	stato	524427	524740	313	
1397	il	524740	524792	52	
1398	primo	524792	525134	342	
1399	eremita	525134	525705	571	
1400	<sp>	525705	526071	366	
1401	e	526071	526143	72	
1402	quindi	526143	526470	327	
1403	anche	526470	526741	271	
1404	in	526741	526835	94	
1405	questo	526835	527176	341	
1406	senso	527176	527815	639	
1407	<inspiration>	527815	528250	435	
1408	<ehm>	528250	528528	278	
1409	è	528528	528585	57	
1410	molto	528585	528971	386	
1411	caro	528971	529500	529	
1412	<tongue-click>	529500	529629	129	
1413	ai	529629	529720	91	
1414	Certosini	529720	530490	770	
1415	quindi	530490	530789	299	
1416	come	530789	531012	223	
1417	sempre	531012	531674	662	
1418	<inspiration>	531674	531890	216	
1419	la	531890	532057	167	
1420	decorazione<ee>	532057	533299	1242	
1421	<inspiration>	533299	533521	222	
1422	<ehm>	533521	533932	411	
1423	il	533932	533984	52	
1424	prog+ /	533984	534264	280	
1425	il	534264	534294	30	
1426	cosiddetto	534294	534804	510	
1427	programma	534804	535330	526	
1428	iconografico	535330	536177	847	
1429	di	536177	536250	73	
1430	una	536250	536430	180	
1431	chiesa<aa>	536430	537410	980	
1432	ma<aa>	537410	538234	824	
1433	anche	538234	538610	376	
1434	di	538610	538680	70	
1435	un	538680	538820	140	
1436	palazzo	538820	539460	640	
1437	e	539460	539516	56	
1438	quant'altro	539516	540160	644	
1439	non	540160	540316	156	
1440	è	540316	540371	55	
1441	mai	540371	540680	309	
1442	casuale	540680	541304	624	
1443	ma	541304	541510	206	
1444	è	541510	541705	195	
1445	figlio	541705	542480	775	
1446	<inspiration>	542480	542819	339	
1447	<ehm>	542819	543116	297	
1448	del	543116	543277	161	
1449	contesto	543277	543810	533	
1450	in	543810	543962	152	
1451	cui<ii>	543962	544390	428	
1452	si	544390	544540	150	
1453	trova	544540	544940	400	
1454	<inspiration>	544940	545312	372	
1455	sulla<aa> /	545312	546000	688	
1456	<ehm>	546000	546348	348	
1457	nel 	546348	546566	218	
1458	soff+ 	546566	546998	432	
1459	sul	546998	547180	182	
1460	soffitto	547180	547918	738	
1461	che	547918	548030	112	
1462	noi	548030	548305	275	
1463	<eeh>	548305	548440	135	
1464	<sp>	548440	548480	40	
1465	oggi	548480	549010	530	
1466	<sp>	549010	549482	472	
1467	<tongue-click>	549482	549550	68	
1468	appunto	549550	550016	466	
1469	non	550016	550120	104	
1470	possiamo	550120	550560	440	
1471	vedere<ee>	550560	551138	578	
1472	molto	551138	551481	343	
1473	bene	551481	552060	579	
1474	<inspiration>	552060	552302	242	
1475	che 	552302	552420	118	
1476	dobbiamo	552420	552813	393	
1477	solo	552813	553050	237	
1478	intuire	553050	553794	744	
1479	<inspiration>	553794	554195	401	
1480	<ehm>	554195	554459	264	
1481	interviene	554459	555108	649	
1482	uno	555108	555287	179	
1483	dei	555287	555387	100	
1484	più	555387	555560	173	
1485	grandi	555560	555940	380	
1486	pittori<ii>	555940	556560	620	
1487	barocchi	556560	557290	730	
1488	<inspiration>	557290	557520	230	
1489	del	557520	557632	112	
1490	Seicento	557632	558306	674	
1491	Giovanni<ii>	558306	559153	847	
1492	Giovanni	559153	559600	447	
1493	Lanfranco	559600	560413	813	
1494	<inspiration>	560413	560720	307	
1495	che	560720	560840	120	
1496	qui	560840	561300	460	
1497	<sp>	561300	561521	221	
1498	<ehm>	561521	561804	283	
1499	da	561804	561961	157	
1500	una	561961	562090	129	
1501	parte	562090	562429	339	
1502	è	562429	562470	41	
1503	costretto	562470	563313	843	
1504	diciamo<oo>	563313	564090	777	
1505	a	564090	564544	454	
1506	<ehm>	564544	565100	556	
1507	fare	565100	565440	340	
1508	i	565440	565530	90	
1509	conti	565530	566275	745	
1510	con<nn>	566275	566997	722	
1511	la	566997	567170	173	
1512	struttura	567170	567860	690	
1513	stessa	567860	568683	823	
1514	<sp>	568683	569410	727	
1515	<ehm>	569410	569666	256	
1516	del<ll>	569666	570171	505	
1517	del	570171	570329	158	
1518	soffitto	570329	571322	993	
1519	<inspiration>	571322	571760	438	
1520	ma	571760	572020	260	
1521	allo	572020	572305	285	
1522	stesso	572305	572720	415	
1523	tempo	572720	573299	579	
1524	inventa	573299	573981	682	
1525	un	573981	574088	107	
1526	sistema	574088	574688	600	
1527	per	574688	574830	142	
1528	il	574830	574990	160	
1529	quale	574990	575568	578	
1530	<inspiration>	575568	575850	282	
1531	<ehm>	575850	575919	69	
1532	noi	575919	576109	190	
1533	riusciamo	576109	576570	461	
1534	ad	576570	576700	130	
1535	avere	576700	576980	280	
1536	una	576980	577175	195	
1537	visione	577175	577750	575	
1538	diretta	577750	578323	573	
1539	di	578323	578470	147	
1540	Paradiso	578470	579140	670	
1541	<sp>	579140	579236	96	
1542	quindi	579236	579585	349	
1543	questo	579585	579866	281	
1544	soffitto	579866	580358	492	
1545	in	580358	580392	34	
1546	realtà/	580392	580964	572	
1547	<inspiration>	580964	581230	266	
1548	<ehm>	581230	581519	289	
1549	se	581519	581694	175	
1550	potete	581694	582052	358	
1551	vedere	582052	582436	384	
1552	appunto	582436	582860	424	
1553	gli	582860	582990	130	
1554	squarci	582990	583560	570	
1555	di	583560	583660	100	
1556	azzurro	583660	584290	630	
1557	che	584290	584390	100	
1558	compaiono	584390	585130	740	
1559	di	585130	585240	110	
1560	qua	585240	585500	260	
1561	e	585500	585560	60	
1562	di	585560	585731	171	
1563	là	585731	585930	199	
1564	<inspiration>	585930	586250	320	
1565	<ehm>	586250	587395	1145	
1566	la	587395	587491	96	
1567	pittura	587491	587904	413	
1568	di	587904	587990	86	
1569	Lanfranco	587990	588584	594	
1570	di	588584	588660	76	
1571	fatto	588660	588980	320	
1572	<ff>finge	588980	589670	690	
1573	che	589670	589843	173	
1574	un	589843	589922	79	
1575	soffitto	589922	590553	631	
1576	non<nn>	590553	591573	1020	
1577	non	591573	591730	157	
1578	ci	591730	591865	135	
1579	sia	591865	592110	245	
1580	affatto	592110	592820	710	
1581	<inspiration>	592820	593082	262	
1582	e	593082	593160	78	
1583	quindi	593160	593750	590	
1584	<inspiration>	593750	593956	206	
1585	<ehm>	593956	594202	246	
1586	in	594202	594317	115	
1587	maniera	594317	594811	494	
1588	illusionistica	594811	595722	911	
1589	possiamo	595722	596250	528	
1590	direttamente	596250	597019	769	
1591	guardare	597019	597804	785	
1592	<inspiration>	597804	598110	306	
1593	Cristo	598110	598607	497	
1594	nella	598607	598850	243	
1595	sua<aa>	598850	599371	521	
1596	gloria	599371	600090	719	
1597	<tongue-click>	600090	600410	320	
1598	<eeh>	600410	600460	50	
1599	d'angeli	600460	601180	720	
1600	<sp>	601180	601830	650	
1601	<tongue-click>	601830	601911	81	
1602	ultima<aa>	601911	602870	959	
1603	<tongue-click>	602870	602972	102	
1604	cosa	602972	603330	358	
1605	che	603330	603443	113	
1606	vi	603443	603580	137	
1607	vorrei	603580	603844	264	
1608	presentare	603844	604620	776	
1609	<inspiration>	604620	604873	253	
1610	è	604873	605070	197	
1611	anche	605070	605600	530	
1612	l'altare	605600	606310	710	
1613	<sp>	606310	606675	365	
1614	<breath>	606675	607597	922	
1615	secondo	607597	607973	376	
1616	voi	607973	608134	161	
1617	di	608134	608230	96	
1618	che	608230	608346	116	
1619	materiale	608346	608920	574	
1620	è	608920	609024	104	
1621	INT	609024	612060	3036	
1622	<vocal>	612060	612190	130	
1623	<sp>	612190	612390	200	
1624	però	612390	612664	274	
1625	eri	612664	612780	116	
1626	preparato	612780	613510	730	
1627	INT	613510	614730	1220	
1628	<laugh>	614730	615232	502	
1629	perché	615232	615525	293	
1630	è	615525	615580	55	
1631	difficile	615580	616250	670	
1632	che	616250	616428	178	
1633	un alta<aa>re	616428	617200	772	
1634	in	617200	617244	44	
1635	una	617244	617420	176	
1636	Chiesa	617420	617740	320	
1637	così	617740	617982	242	
1638	ricca	617982	618372	390	
1639	poi	618372	618659	287	
1640	effettivamente	618659	619449	790	
1641	rimanga<aa>	619449	620142	693	
1642	<inspiration>	620142	620410	268	
1643	<ehm>	620410	620790	380	
1644	di	620790	620935	145	
1645	legno	620935	621548	613	
1646	<inspiration>	621548	621751	203	
1647	qui	621751	622111	360	
1648	abbiamo 	622111	622389	278	
1649	ve	622389	622490	101	
1650	l'ho	622490	622637	147	
1651	raccontato	622637	623310	673	
1652	insomma	623310	623560	250	
1653	una	623560	623650	90	
1654	provvisione	623650	624160	510	
1655	di	624160	624260	100	
1656	marmi	624260	624524	264	
1657	pregiati	624524	625141	617	
1658	pietre	625141	625460	319	
1659	dure	625460	625804	344	
1660	lapislazzuli	625804	626530	726	
1661	e	626530	626560	30	
1662	così	626560	626811	251	
1663	via	626811	627100	289	
1664	che	627100	627248	148	
1665	è	627248	627370	122	
1666	strano	627370	627870	500	
1667	che	627870	627957	87	
1668	poi	627957	628190	233	
1669	effettivamente	628190	629180	990	
1670	<inspiration>	629180	629590	410	
1671	<ehm>	629590	630813	1223	
1672	l'altare<ee>	630813	631740	927	
1673	<sp>	631740	632173	433	
1674	rimanga	632173	632870	697	
1675	di	632870	632950	80	
1676	un	632950	632980	30	
1677	materiale	632980	633660	680	
1678	così	633660	634014	354	
1679	poco<oo>	634014	634820	806	
1680	nobile	634820	635436	616	
1681	<sp>	635436	635616	180	
1682	in	635616	635830	214	
1683	effetti	635830	636318	488	
1684	questa	636318	636670	352	
1685	volta	636670	637122	452	
1686	questo	637122	637468	346	
1687	è	637468	637494	26	
1688	il	637494	637608	114	
1689	caso	637608	638082	474	
1690	<inspiration>	638082	638410	328	
1691	e	638410	638540	130	
1692	fu	638540	638730	190	
1693	disegnato	638730	639523	793	
1694	da	639523	639800	277	
1695	<sp>	639800	639889	89	
1696	<vocal>	639889	639911	22	
1697	Solimena	639911	640610	699	
1698	quindi	640610	640964	354	
1699	grande	640964	641530	566	
1700	<inspiration>	641530	641840	310	
1701	<ehm>	641840	642070	230	
1702	architetto	642070	643040	970	
1703	e	643040	643130	90	
1704	pitto<oo>re	643130	643977	847	
1705	a	643977	644080	103	
1706	cavallo	644080	644710	630	
1707	tra	644710	644880	170	
1708	Seicento	644880	645624	744	
1709	e	645624	645720	96	
1710	Settecento	645720	646720	1000	
1711	<inspiration>	646720	647011	291	
1712	e	647011	647319	308	
1713	<sp>	647319	647445	126	
1714	anche	647445	647982	537	
1715	gli	647982	648090	108	
1716	angeli<ii>	648090	648900	810	
1717	<sp>	648900	649110	210	
1718	<ehm>	649110	649700	590	
1719	che	649700	649797	97	
1720	vedete<ee>	649797	650671	874	
1721	<ehm>	650671	650980	309	
1722	ai	650980	651190	210	
1723	lati	651190	651570	380	
1724	degli	651570	651810	240	
1725	altari	651810	652493	683	
1726	anche	652493	652760	267	
1727	qu+	652760	652911	151	
1728	<unclear>	652911	653177	266	
1729	anche	653177	653400	223	
1730	questo	653400	653680	280	
1731	sai	653680	653960	280	
1732	di	653960	654100	140	
1733	che	654100	654230	130	
1734	cosa	654230	654470	240	
1735	sono	654470	654920	450	
1736	<inspiration>	654920	655255	335	
1737	INT	655255	657130	1875	
1738	<laugh>	657130	657466	336	
1739	INT	657466	658262	796	
1740	no	658262	658563	301	
1741	allora	658563	658960	397	
1742	questa	658960	659400	440	
1743	semb+ /	659400	659783	383	
1744	finge	659783	660186	403	
1745	il	660186	660280	94	
1746	metallo	660280	661040	760	
1747	finge	661040	661411	371	
1748	l'argento	661411	662049	638	
1749	<inspiration>	662049	662290	241	
1750	ma	662290	662388	98	
1751	è	662388	662489	101	
1752	cartapesta	662489	663260	771	
1753	<sp>	663260	664158	898	
1754	<tongue-click>	664158	664219	61	
1755	quindi	664219	664440	221	
1756	anche	664440	664700	260	
1757	in	664700	664750	50	
1758	questo	664750	665080	330	
1759	caso	665080	665470	390	
1760	<inspiration>	665470	665740	270	
1761	un	665740	665870	130	
1762	materiale	665870	666630	760	
1763	povero	666630	667150	520	
1764	<inspiration>	667150	667550	400	
1765	l'artista	667550	668220	670	
1766	che	668220	668390	170	
1767	li	668390	668563	173	
1768	realizzò	668563	669160	597	
1769	è	669160	669276	116	
1770	Giuseppe	669276	669733	457	
1771	Sanmartino	669733	670520	787	
1772	<sp>	670520	670651	131	
1773	non	670651	670778	127	
1774	so	670778	670925	147	
1775	se	670925	671036	111	
1776	conoscete	671036	671570	534	
1777	il	671570	671630	60	
1778	nome	671630	671866	236	
1779	è	671866	671900	34	
1780	colui/	671900	672410	510	
1781	<vocal>	672410	672524	114	
1782	passa	672524	672865	341	
1783	per	672865	673100	235	
1784	per	673100	673312	212	
1785	i	673312	673430	118	
1786	più /	673430	673839	409	
1787	<sp>	673839	674030	191	
1788	<ehm>	674030	674768	738	
1789	colui	674768	675161	393	
1790	che	675161	675240	79	
1791	ha	675240	675468	228	
1792	realizzato	675468	676160	692	
1793	il	676160	676240	80	
1794	Cristo	676240	676567	327	
1795	Velato	676567	677000	433	
1796	nella	677000	677230	230	
1797	cappella<aa>	677230	678000	770	
1798	<inspiration>	678000	678288	288	
1799	nella	678288	678470	182	
1800	Cappella	678470	678836	366	
1801	Sansevero	678836	679430	594	
1802	<sp>	679430	679520	90	
1803	però	679520	679690	170	
1804	in	679690	679770	80	
1805	realtà	679770	680125	355	
1806	anche	680125	680396	271	
1807	qui	680396	680737	341	
1808	<inspiration>	680737	681020	283	
1809	<ehm>	681020	681240	220	
1810	in	681240	681368	128	
1811	chiesa	681368	681880	512	
1812	<tongue-click>	681880	682119	239	
1813	e<ee>	682119	682577	458	
1814	in	682577	682670	93	
1815	Certosa	682670	683098	428	
1816	abbiamo	683098	683470	372	
1817	varie	683470	683810	340	
1818	sue<ee>	683810	684440	630	
1819	<inspiration>	684440	684760	320	
1820	sue	684760	685030	270	
1821	opere	685030	685440	410	
1822	<inspiration>	685440	685730	290	
1823	tra	685730	685949	219	
1824	un attimo	685949	686722	773	
1825	<sp>	686722	686992	270	
1826	<ehm>	686992	687420	428	
1827	ci	687420	687582	162	
1828	sposteremo	687582	688600	1018	
1829	<sp>	688600	688929	329	
1830	alle	688929	689150	221	
1831	spalle	689150	689960	810	
1832	dell'altare	689960	690754	794	
1833	per	690754	690910	156	
1834	visitare	690910	691576	666	
1835	<sp>	691576	691659	83	
1836	il	691659	691777	118	
1837	coro	691777	692170	393	
