Nr	ORT	Begin Time	End Time	Duration	
1	Buongiorno	590	1040	450	
2	a	1040	1110	70	
3	tutti	1110	1870	760	
4	benvenuti	1870	2650	780	
5	<lp>	2650	3290	640	
6	io<oo>	3290	3650	360	
7	sono	3650	3886	236	
8	Camilla	3886	4541	655	
9	<tongue-click>	4541	4618	77	
10	e	4618	4701	83	
11	sono<oo>	4701	5240	539	
12	la	5240	5330	90	
13	storica	5330	5700	370	
14	dell'arte	5700	6211	511	
15	che	6211	6333	122	
16	questa	6333	6630	297	
17	mattina	6630	7070	440	
18	vi	7070	7140	70	
19	accompagnerà	7140	7974	834	
20	<inspiration>	7974	8421	447	
21	attraverso	8421	9003	582	
22	gli	9003	9100	97	
23	ambienti	9100	9644	544	
24	della	9644	10001	357	
25	Certosa	10001	10520	519	
26	e	10520	10610	90	
27	Museo	10610	10909	299	
28	nazionale	10909	11480	571	
29	di	11480	11550	70	
30	San	11550	11725	175	
31	Martino	11725	12300	575	
32	<lp>	12300	13030	730	
33	già	13030	13456	426	
34	insomma	13456	13947	491	
35	la	13947	14050	103	
36	dicitura	14050	14690	640	
37	così	14690	15084	394	
38	<inspiration>	15084	15438	354	
39	vi	15438	15557	119	
40	dà	15557	15712	155	
41	anche	15712	15982	270	
42	un	15982	16070	88	
43	po'	16070	16387	317	
44	un'idea	16387	17102	715	
45	<inspiration>	17102	17410	308	
46	delle<ee>	17410	17968	558	
47	due	17968	18250	282	
48	anime	18250	18862	612	
49	<sp>	18862	19092	230	
50	<vocal>	19092	19257	165	
51	di	19257	19395	138	
52	questo<oo>	19395	20070	675	
53	di	20070	20150	80	
54	questo	20150	20480	330	
55	luogo	20480	20930	450	
56	<inspiration>	20930	21397	467	
57	<sp>	21397	21589	192	
58	<ehm>	21589	22161	572	
59	ovvero	22161	22850	689	
60	il	22850	22964	114	
61	visitatore	22964	23770	806	
62	<breath>	23770	23987	217	
63	che<ee>	23987	24524	537	
64	come	24524	24755	231	
65	voi	24755	25150	395	
66	<unclear>	25150	25480	330	
67	stamattina	25480	26130	650	
68	insomma	26130	26460	330	
69	viene<ee>	26460	27118	658	
70	<eeh>	27118	27508	390	
71	a	27508	27640	132	
72	visitare	27640	28162	522	
73	questo	28162	28460	298	
74	museo	28460	28800	340	
75	viene	28800	29020	220	
76	in	29020	29050	30	
77	questo	29050	29360	310	
78	luogo	29360	29710	350	
79	<inspiration>	29710	30120	410	
80	può	30120	30510	390	
81	<sp>	30510	30686	176	
82	sia	30686	31330	644	
83	<ehm>	31330	32406	1076	
84	<breath>	32406	32839	433	
85	<lp>	32839	33360	521	
86	<tongue-click>	33360	33486	126	
87	avere	33486	33829	343	
88	un	33829	33960	131	
89	assaggio	33960	34670	710	
90	<breath>	34670	34814	144	
91	<sp>	34814	35017	203	
92	di	35017	35225	208	
93	quella	35225	35460	235	
94	che	35460	35561	101	
95	doveva	35561	35985	424	
96	essere	35985	36637	652	
97	<inspiration>	36637	36910	273	
98	la	36910	37049	139	
99	vita	37049	37320	271	
100	dei	37320	37428	108	
101	certosini	37428	38250	822	
102	<lp>	38250	39015	765	
103	<tongue-click>	39015	39290	275	
104	in	39290	39420	130	
105	questo	39420	39740	320	
106	monastero	39740	40490	750	
107	<inspiration>	40490	41409	919	
108	<sp>	41409	41620	211	
109	sia	41620	42248	628	
110	<eeh>	42248	43080	832	
111	vedere	43080	43780	700	
112	<eeh>	43780	44425	645	
113	gli	44425	44524	99	
114	ambienti	44524	45100	576	
115	<sp>	45100	45386	286	
116	che	45386	45526	140	
117	s+	45526	45580	54	
118	poi	45580	45760	180	
119	sono	45760	45940	180	
120	stati	45940	46188	248	
121	trasformati	46188	46810	622	
122	e	46810	46840	30	
123	si	46840	47000	160	
124	sono<oo>	47000	47520	520	
125	sono	47520	47720	200	
126	diventati	47720	48150	430	
127	il	48150	48180	30	
128	Museo	48180	48430	250	
129	nazionale	48430	49090	660	
130	<sp>	49090	49571	481	
131	<inspiration>	49571	50420	849	
132	i	50420	50733	313	
133	certosini	50733	51680	947	
134	che<ee>	51680	52480	800	
135	<ehm>	52480	52811	331	
136	si	52811	53060	249	
137	trovavano	53060	53480	420	
138	qui	53480	53674	194	
139	dal	53674	53840	166	
140	milletrecento	53840	55030	1190	
141	<sp>	55030	55171	141	
142	infatti	55171	55960	789	
143	<inspiration>	55960	56290	330	
144	sono	56290	56540	250	
145	stati	56540	56849	309	
146	poi	56849	57415	566	
147	<vocal>	57415	57801	386	
148	gentilmente	57801	58478	677	
149	invitati	58478	59050	572	
150	insomma	59050	59542	492	
151	<laughter>	59542	59842	300	
152	a	59842	59994	152	
153	lasciare	59994	60570	576	
154	questo	60570	61110	540	
155	ameno	61110	61450	340	
156	luogo	61450	62063	613	
157	<inspiration>	62063	62430	367	
158	nel	62430	62545	115	
159	milleottocento	62545	63580	1035	
160	<sp>	63580	63716	136	
161	<inspiration>	63716	63953	237	
162	e	63953	64083	130	
163	si	64083	64243	160	
164	decise	64243	64990	747	
165	<inspiration>	64990	65401	411	
166	<eeh>	65401	65698	297	
167	di	65698	65903	205	
168	trasformarlo	65903	66830	927	
169	poi	66830	67350	520	
170	in	67350	67451	101	
171	un	67451	67560	109	
172	museo	67560	68080	520	
173	<lp>	68080	68653	573	
174	<tongune-click>	68653	68736	83	
175	il	68736	68910	174	
176	Museo<oo>	68910	69820	910	
177	di	69820	69930	110	
178	San	69930	70100	170	
179	Martino	70100	70502	402	
180	doveva	70502	70750	248	
181	essere	70750	71193	443	
182	di	71193	71280	87	
183	fatto	71280	71570	290	
184	il	71570	71660	90	
185	museo	71660	71990	330	
186	civico	71990	72520	530	
187	<lp>	72520	73090	570	
188	della	73090	73340	250	
189	città	73340	73635	295	
190	di	73635	73750	115	
191	Napoli	73750	74170	420	
192	<sp>	74170	74525	355	
193	<tongue-click>	74525	74603	78	
194	quindi	74603	74880	277	
195	al	74880	75000	120	
196	*sin+	75000	75302	302	
197	al	75302	75504	202	
198	suo	75504	75660	156	
199	interno	75660	76121	461	
200	dovevano	76121	76440	319	
201	essere	76440	76930	490	
202	<inspiration>	76930	77461	531	
203	<ehm>	77461	78138	677	
204	conservate	78138	79170	1032	
205	<lp>	79170	79733	563	
206	<tongue-click>	79733	79810	77	
207	alcune	79810	80223	413	
208	delle	80223	80427	204	
209	memorie	80427	80880	453	
210	più	80880	81092	212	
211	importanti	81092	82072	980	
212	<breath>	82072	82177	105	
213	<lp>	82177	82730	553	
214	della	82730	82994	264	
215	città	82994	83290	296	
216	<sp>	83290	83545	255	
217	ancora	83545	83983	438	
218	adesso	83983	84400	417	
219	c'è	84400	84550	150	
220	una	84550	84650	100	
221	sezione	84650	85090	440	
222	del	85090	85210	120	
223	museo	85210	85600	390	
224	che	85600	85670	70	
225	si	85670	85840	170	
226	chiama	85840	86050	210	
227	proprio	86050	86340	290	
228	Immagini	86340	86790	450	
229	e	86790	86820	30	
230	memorie	86820	87283	463	
231	quindi	87283	87640	357	
232	<sp>	87640	87800	160	
233	insomma	87800	88090	290	
234	<inspiration>	88090	88470	380	
235	ve	88470	88570	100	
236	la	88570	88680	110	
237	dice<ee>	88680	89160	480	
238	<sp>	89160	89291	131	
239	lunga	89291	89850	559	
240	sull'obiettivo	89850	91080	1230	
241	<inspiration>	91080	91580	500	
242	<ehm>	91580	92521	941	
243	del	92521	92723	202	
244	museo	92723	93190	467	
245	per	93190	93357	167	
246	l'appunto	93357	94063	706	
247	<inspiration>	94063	94562	499	
248	<eeh>	94562	94947	385	
249	oppure	94947	95440	493	
250	documentare	95440	96150	710	
251	anche	96150	96440	290	
252	tradizioni	96440	97370	930	
253	gloriose	97370	98152	782	
254	<breath>	98152	98600	448	
255	<sp>	98600	98838	238	
256	<tongue-click>	98838	98940	102	
257	di<ii>	98940	99417	477	
258	di	99417	99550	133	
259	Napoli	99550	100100	550	
260	per	100100	100260	160	
261	esempio	100260	100688	428	
262	noi	100688	100769	81	
263	passeremo	100769	101260	491	
264	davanti	101260	101902	642	
265	a	101902	102010	108	
266	quel	102010	102354	344	
267	alla	102354	102570	216	
268	sezione	102570	102960	390	
269	presepiale	102960	103580	620	
270	<inspiration>	103580	103940	360	
271	dedicata	103940	104520	580	
272	per	104520	104683	163	
273	l'appunto	104683	105359	676	
274	<inspiration>	105359	105671	312	
275	a	105671	105760	89	
276	questa	105760	106098	338	
277	importante	106098	106750	652	
278	tradizione	106750	107600	850	
279	<inspiration>	107600	107902	302	
280	<eeh>	107902	108024	122	
281	della	108024	108240	216	
282	nostra<aa>	108240	109020	780	
283	della	109020	109280	260	
284	nostra	109280	109590	310	
285	città	109590	109918	328	
286	<inspiration>	109918	110795	877	
287	però	110795	111103	308	
288	al	111103	111411	308	
289	di	111411	111506	95	
290	là	111506	111640	134	
291	di	111640	111754	114	
292	questo	111754	112370	616	
293	che	112370	112474	104	
294	è	112474	112760	286	
295	qualcosa	112760	113310	550	
296	che	113310	113379	69	
297	è	113379	113426	47	
298	venuto	113426	113938	512	
299	solo	113938	114480	542	
300	<ehm>	114480	114770	290	
301	<breath>	114770	115104	334	
302	diciamo<oo>	115104	116330	1226	
303	<lp>	116330	116870	540	
304	relativamente	116870	117740	870	
305	recentemente	117740	118580	840	
306	nella	118580	118820	240	
307	vita	118820	119025	205	
308	del	119025	119190	165	
309	museo	119190	119650	460	
310	da	119650	119770	120	
311	nemmeno	119770	120112	342	
312	duecento	120112	120630	518	
313	anni	120630	121080	450	
314	<inspiration>	121080	122098	1018	
315	c'è	122098	122360	262	
316	da	122360	122452	92	
317	parlare	122452	122860	408	
318	appunto	122860	123250	390	
319	della	123250	123590	340	
320	storia	123590	123880	290	
321	precedente	123880	124576	696	
322	<lp>	124576	125611	1035	
323	<tongue-click>	125611	125760	149	
324	mi	125760	125972	212	
325	sembra	125972	126290	318	
326	di	126290	126410	120	
327	capire	126410	126760	350	
328	che	126760	126840	80	
329	siamo	126840	127120	280	
330	tutti	127120	127350	230	
331	napoletani	127350	127860	510	
332	tranne	127860	128149	289	
333	uno	128149	128460	311	
334	<lp>	128460	129660	1200	
335	<inspiration>	129660	130452	792	
336	<eeh>	130452	131258	806	
337	e	131258	131408	150	
338	quindi	131408	131949	541	
339	<ehm>	131949	133328	1379	
340	<breath>	133328	133544	216	
341	cercherò	133544	134000	456	
342	di	134000	134096	96	
343	farvi	134096	134350	254	
344	immaginare	134350	135090	740	
345	insomma	135090	135392	302	
346	di	135392	135495	103	
347	com'era	135495	135888	393	
348	la+	135888	136020	132	
349	com'era	136020	136350	330	
350	la	136350	136460	110	
351	vita	136460	136780	320	
352	<breath>	136780	136962	182	
353	<lp>	136962	137460	498	
354	in	137460	137621	161	
355	questo	137621	138080	459	
356	quartiere	138080	138760	680	
357	quando	138760	139049	289	
358	non	139049	139184	135	
359	era	139184	139315	131	
360	ancora	139315	139712	397	
361	di	139712	139816	104	
362	fatto	139816	140139	323	
363	un	140139	140190	51	
364	quartiere	140190	140830	640	
365	<inspiration>	140830	141560	730	
366	settecento	141560	142175	615	
367	anni	142175	142320	145	
368	fa	142320	142520	200	
369	<sp>	142520	142880	360	
370	nel	142880	143020	140	
371	milletrecento	143020	143950	930	
372	<sp>	143950	144260	310	
373	non	144260	144423	163	
374	so	144423	144830	407	
375	<sp>	144830	144975	145	
376	se	144975	145289	314	
377	<lp>	145289	145880	591	
378	ti	145880	145971	91	
379	è	145971	145990	19	
380	capitato	145990	146663	673	
381	ti	146663	146773	110	
382	do	146773	146890	117	
383	del	146890	147067	177	
384	tu	147067	147370	303	
385	di<ii>	147370	148020	650	
386	passeggiare	148020	148850	830	
387	per	148850	148950	100	
388	le	148950	149053	103	
389	strade	149053	149360	307	
390	del	149360	149580	220	
391	Vomero	149580	150043	463	
392	oggi	150043	150530	487	
393	ma	150530	150840	310	
394	adesso	150840	151264	424	
395	è	151264	151290	26	
396	un	151290	151390	100	
397	quartiere	151390	151907	517	
398	appunto	151907	152400	493	
399	molto	152400	152710	310	
400	animato	152710	153453	743	
401	ci	153453	153580	127	
402	sono	153580	153790	210	
403	molti	153790	154070	280	
404	negozi	154070	154586	516	
405	molti	154586	154900	314	
406	locali	154900	155420	520	
407	<inspiration>	155420	156170	750	
408	ma	156170	156470	300	
409	<eeh>	156470	157009	539	
410	in	157009	157147	138	
411	realtà	157147	157810	663	
412	<sp>	157810	158010	200	
413	<ehm>	158010	158269	259	
414	questa	158269	158487	218	
415	è	158487	158540	53	
416	una	158540	158630	90	
417	trasformazione	158630	159390	760	
418	anche	159390	159659	269	
419	questa	159659	160000	341	
420	relativamente	160000	161240	1240	
421	<sp>	161240	161552	312	
422	recente	161552	162260	708	
423	<inspiration>	162260	163073	813	
424	nel	163073	163278	205	
425	Trecento	163278	164119	841	
426	<sp>	164119	164310	191	
427	la	164310	164415	105	
428	collina	164415	164750	335	
429	del	164750	164900	150	
430	Vomero	164900	165374	474	
431	era	165374	165530	156	
432	pressoché	165530	165994	464	
433	disabitata	165994	166660	666	
434	<sp>	166660	166870	210	
435	quindi	166870	167340	470	
436	si	167340	167500	160	
437	trattava	167500	167900	400	
438	di	167900	168140	240	
439	campagna	168140	168790	650	
440	<lp>	168790	169260	470	
441	un	169260	169472	212	
442	luogo	169472	169990	518	
443	perfetto	169990	171020	1030	
444	<lp>	171020	171683	663	
445	<tongue-click>	171683	171912	229	
446	per	171912	172490	578	
447	i	172490	172590	100	
448	certosini	172590	173320	730	
449	<inspiration>	173320	173768	448	
450	che	173768	173888	120	
451	naturalmente	173888	174830	942	
452	cercavano	174830	175920	1090	
453	<lp>	175920	176430	510	
454	una	176430	176634	204	
455	vita<aa>	176634	177657	1023	
456	<breath>	177657	178176	519	
457	<lp>	178176	178551	375	
458	<vocal>	178551	178702	151	
459	di	178702	178810	108	
460	solitudine	178810	179465	655	
461	una	179465	179690	225	
462	vita	179690	180070	380	
463	appartata	180070	180960	890	
464	<sp>	180960	181356	396	
465	<inspiration>	181356	181906	550	
466	e	181906	182279	373	
467	<eeh>	182279	182740	461	
468	il	182740	182910	170	
469	duca	182910	183170	260	
470	di	183170	183267	97	
471	Calabria	183267	183990	723	
472	<sp>	183990	184290	300	
473	Carlo	184290	184910	620	
474	figlio	184910	185470	560	
475	del	185470	185776	306	
476	re	185776	186140	364	
477	Roberto	186140	186810	670	
478	il	186810	186900	90	
479	Saggio	186900	187670	770	
480	<inspiration>	187670	188130	460	
481	incoraggia	188130	188988	858	
482	appunto	188988	189430	442	
483	i	189430	189488	58	
484	certosini	189488	190108	620	
485	a	190108	190231	123	
486	stabilirsi	190231	190918	687	
487	in	190918	190979	61	
488	questo	190979	191315	336	
489	luogo	191315	191700	385	
490	<sp>	191700	191995	295	
491	<tongue-click>	191995	192161	166	
492	<eeh>	192161	192334	173	
493	a	192334	192441	107	
494	Napoli	192441	192788	347	
495	del	192788	192866	78	
496	Trecento	192866	193512	646	
497	<vocal>	193512	193727	215	
498	Roberto	193727	194367	640	
499	sia	194367	194555	188	
500	Roberto	194555	195240	685	
501	che	195240	195400	160	
502	suo	195400	195610	210	
503	figlio	195610	196179	569	
504	<inspiration>	196179	196563	384	
505	<eeh>	196563	196710	147	
506	facevano	196710	197180	470	
507	parte	197180	197584	404	
508	della<aa>	197584	198080	496	
509	dinastia	198080	198620	540	
510	angioina	198620	199080	460	
511	quindi	199080	199257	177	
512	per	199257	199364	107	
513	una	199364	199513	149	
514	volta	199513	199817	304	
515	non	199817	199920	103	
516	gli	199920	200060	140	
517	spagnoli	200060	200880	820	
518	<lp>	200880	201480	600	
519	a	201480	201620	140	
520	Napoli	201620	202325	705	
521	ma	202325	202480	155	
522	i	202480	202520	40	
523	francesi	202520	203350	830	
524	<inspiration>	203350	204162	812	
525	<ehm>	204162	205879	1717	
526	<sp>	205879	206288	409	
527	<tongue-click>	206288	206533	245	
528	<ehm>	206533	207198	665	
529	quindi	207198	207651	453	
530	<eeh>	207651	208247	596	
531	il<ll>/	208247	209725	1478	
532	Carlo	209725	210230	505	
533	incoraggia	210230	210960	730	
534	appunto	210960	211500	540	
535	i	211500	211630	130	
536	certosini	211630	212280	650	
537	a	212280	212380	100	
538	stabilirsi	212380	213070	690	
539	in	213070	213100	30	
540	questo	213100	213405	305	
541	luogo	213405	213781	376	
542	che	213781	214030	249	
543	per	214030	214280	250	
544	l'appunto	214280	214690	410	
545	essendo	214690	215317	627	
546	<inspiration>	215317	215542	225	
547	separato	215542	216320	778	
548	<sp>	216320	216490	170	
549	da	216490	216630	140	
550	tutto	216630	216830	200	
551	il	216830	216875	45	
552	resto	216875	217100	225	
553	della	217100	217280	180	
554	città	217280	217605	325	
555	ben	217605	217850	245	
556	si	217850	217980	130	
557	prestava	217980	218680	700	
558	<inspiration>	218680	219010	330	
559	alla	219010	219300	290	
560	vita	219300	219540	240	
561	monacale	219540	220060	520	
562	<lp>	220060	220816	756	
563	<tongue-click>	220816	220906	90	
564	e	220906	220976	70	
565	quindi	220976	221474	498	
566	<eeh>	221474	221911	437	
567	da	221911	222202	291	
568	il	222202	222500	298	
569	la+/	222500	222679	179	
570	<sp>	222679	223207	528	
571	<tongue-click>	223207	223329	122	
572	alla	223329	223550	221	
573	costruzione	223550	224490	940	
574	di	224490	224620	130	
575	questo	224620	225270	650	
576	<sp>	225270	225450	180	
577	immenso	225450	226290	840	
578	<sp>	226290	226570	280	
579	complesso	226570	227244	674	
580	<inspiration>	227244	227507	263	
581	contestualmente	227507	228540	1033	
582	lo	228540	228690	150	
583	vedete	228690	229036	346	
584	dietro	229036	229320	284	
585	di	229320	229440	120	
586	voi	229440	229872	432	
587	<inspiration>	229872	230172	300	
588	nasceva	230172	231080	908	
589	anche	231080	231510	430	
590	il	231510	231670	160	
591	Castello	231670	232590	920	
592	<sp>	232590	232740	150	
593	che	232740	232860	120	
594	all'epoca	232860	233300	440	
595	non	233300	233470	170	
596	si	233470	233610	140	
597	*ca+	233610	233810	200	
598	non	233810	234050	240	
599	si	234050	234170	120	
600	chiamava<aa>	234170	234880	710	
601	Castel	234880	235215	335	
602	Sant'Elmo	235215	235800	585	
603	come	235800	235970	170	
604	adesso	235970	236460	490	
605	ma	236460	236600	140	
606	era	236600	236890	290	
607	semplicemente	236890	237705	815	
608	<inspiration>	237705	237938	233	
609	chiamato	237938	238367	429	
610	Belforte	238367	239160	793	
611	e	239160	239290	130	
612	non	239290	239450	160	
613	ha	239450	239665	215	
614	l'aspetto	239665	240510	845	
615	<inspiration>	240510	240823	313	
616	che	240823	241170	347	
617	vedete	241170	241580	410	
618	oggi	241580	242032	452	
619	però	242032	242352	320	
620	diciamo	242352	242960	608	
621	che	242960	243110	150	
622	le	243110	243250	140	
623	due	243250	243440	190	
624	costruzioni	243440	244340	900	
625	i	244340	244360	20	
626	due	244360	244520	160	
627	complessi	244520	245260	740	
628	<inspiration>	245260	245570	310	
629	vanno	245570	245830	260	
630	un	245830	245880	50	
631	po'	245880	246160	280	
632	di	246160	246380	220	
633	pari	246380	246620	240	
634	passo	246620	247050	430	
635	per	247050	247209	159	
636	certo	247209	247580	371	
637	versi	247580	248010	430	
638	<sp>	248010	248451	441	
639	<tongue-click>	248451	248670	219	
640	tra	248670	248860	190	
641	gli	248860	248990	130	
642	architetti	248990	249870	880	
643	<inspiration>	249870	250243	373	
644	<ehm>	250243	251041	798	
645	che	251041	251395	354	
646	per	251395	251670	275	
647	primi	251670	252133	463	
648	hanno	252133	252403	270	
649	lavorato	252403	253160	757	
650	<sp>	253160	253300	140	
651	in	253300	253430	130	
652	questo	253430	253731	301	
653	luogo	253731	254010	279	
654	mi	254010	254140	130	
655	piace	254140	254452	312	
656	ricordare	254452	255070	618	
657	in	255070	255130	60	
658	particolare	255130	255710	580	
659	un	255710	255813	103	
660	senese	255813	256500	687	
661	Tino	256500	256840	340	
662	di	256840	256920	80	
663	Camaino	256920	257520	600	
664	<inspiration>	257520	258060	540	
665	che	258060	258343	283	
666	aveva<aa>/	258343	259130	787	
667	<inspiration>	259130	259415	285	
668	già	259415	259982	567	
669	stava	259982	260242	260	
670	lavorando	260242	260990	748	
671	<breath>	260990	261276	286	
672	<ehm>	261276	262070	794	
673	<lp>	262070	262669	599	
674	per	262669	263167	498	
675	il	263167	263289	122	
676	re	263289	263530	241	
677	Roberto	263530	264180	650	
678	alcune	264180	264600	420	
679	sue	264600	264760	160	
680	opere	264760	265110	350	
681	le	265110	265200	90	
682	potete	265200	265555	355	
683	vedere	265555	265990	435	
684	<inspiration>	265990	266239	249	
685	in	266239	266370	131	
686	alcune	266370	266810	440	
687	delle	266810	266984	174	
688	maggiori	266984	267370	386	
689	chiese	267370	267660	290	
690	napoletane	267660	268360	700	
691	Donna	268360	268618	258	
692	Regina	268618	269390	772	
693	San	269390	269550	160	
694	Lorenzo	269550	270150	600	
695	Santa	270150	270439	289	
696	Chiara	270439	270852	413	
697	<inspiration>	270852	271373	521	
698	quindi	271373	271790	417	
699	<sp>	271790	272000	210	
700	qui	272000	272290	290	
701	lavora	272290	272730	440	
702	invece	272730	273180	450	
703	più	273180	273369	189	
704	che	273369	273480	111	
705	come	273480	273729	249	
706	scultore	273729	274280	551	
707	in	274280	274400	120	
708	veste	274400	274900	500	
709	di	274900	275090	190	
710	architetto	275090	275720	630	
711	quindi	275720	275990	270	
712	una	275990	276130	140	
713	figura	276130	276650	520	
714	<inspiration>	276650	277009	359	
715	<eeh>	277009	277508	499	
716	diciamo	277508	277900	392	
717	completa	277900	278570	670	
718	<sp>	278570	278739	169	
719	<tongue-click>	278739	278840	101	
720	sotto	278840	279180	340	
721	questo	279180	279502	322	
722	punto	279502	279843	341	
723	di	279843	279951	108	
724	vista	279951	280330	379	
725	<inspiration>	280330	281044	714	
726	<sp>	281044	281213	169	
727	il/	281213	281717	504	
728	Carlo	281717	282352	635	
729	<breath>	282352	282539	187	
730	il	282539	282626	87	
731	Duca	282626	282850	224	
732	di	282850	282960	110	
733	Calabria	282960	283380	420	
734	in	283380	283410	30	
735	realtà	283410	283730	320	
736	non	283730	283910	180	
737	vede	283910	284450	540	
738	<breath>	284450	284850	400	
739	la	284850	285000	150	
740	fine	285000	285275	275	
741	dei	285275	285427	152	
742	lavori	285427	286005	578	
743	<inspiration>	286005	286470	465	
744	perché	286470	286800	330	
745	ufficialmente	286800	287979	1179	
746	<sp>	287979	288224	245	
747	<eeh>	288224	288520	296	
748	si	288520	288691	171	
749	concludono	288691	289300	609	
750	nel	289300	289420	120	
751	milletrecentosessantotto	289420	291190	1770	
752	quando	291190	291473	283	
753	lui	291473	291680	207	
754	era	291680	291831	151	
755	già	291831	292010	179	
756	morto	292010	292540	530	
757	lui	292540	292680	140	
758	in	292680	292702	22	
759	realtà	292702	293063	361	
760	<lp>	293063	293590	527	
761	<tongue-click>	293590	293722	132	
762	muore	293722	294052	330	
763	prematuramente	294052	295050	998	
764	<sp>	295050	295286	236	
765	<inspiration>	295286	295675	389	
766	quindi	295675	295950	275	
767	poi	295950	296209	259	
768	è	296209	296330	121	
769	il	296330	296440	110	
770	padre	296440	296944	504	
771	a	296944	297009	65	
772	portare	297009	297460	451	
773	avanti	297460	298180	720	
774	i	298180	298290	110	
775	lavori	298290	298863	573	
776	e	298863	299084	221	
777	l'inaugurazione	299084	299870	786	
778	formale	299870	300472	602	
779	<inspiration>	300472	300820	348	
780	viene	300820	301253	433	
781	<eeh>	301253	301780	527	
782	fatta	301780	302459	679	
783	<sp>	302459	302747	288	
784	dalla	302747	303358	611	
785	<vocal>	303358	303504	146	
786	regina	303504	304262	758	
787	<eeh>	304262	304590	328	
788	che	304590	304720	130	
789	potete	304720	305080	360	
790	vedere	305080	305675	595	
791	<inspiration>	305675	306073	398	
792	<ehm>	306073	306858	785	
793	in	306858	307089	231	
794	quell'affresco	307089	308010	921	
795	da	308010	308130	120	
796	quella	308130	308390	260	
797	parte	308390	308940	550	
798	<inspiration>	308940	309330	390	
799	Si	309330	309500	170	
800	tratta	309500	310150	650	
801	della	310150	310460	310	
802	regina	310460	311213	753	
803	Giovanna	311213	312050	837	
804	<inspiration>	312050	312329	279	
805	<tongue-click>	312329	312400	71	
806	quind<ii>	312400	312930	530	
807	la	312930	313080	150	
808	nipote	313080	313760	680	
809	<sp>	313760	313860	100	
810	di	313860	314030	170	
811	re	314030	314180	150	
812	Roberto	314180	314670	490	
813	il	314670	314789	119	
814	Saggio	314789	315410	621	
815	<inspiration>	315410	315723	313	
816	che	315723	315890	167	
817	offre	315890	316500	610	
818	<inspiration>	316500	316713	213	
819	<eeh>	316713	317044	331	
820	il	317044	317228	184	
821	modello	317228	317783	555	
822	della	317783	317970	187	
823	Certosa	317970	318390	420	
824	di	318390	318470	80	
825	San	318470	318640	170	
826	Martino	318640	319120	480	
827	a	319120	319240	120	
828	San	319240	319551	311	
829	Bruno	319551	319920	369	
830	in	319920	320010	90	
831	persona	320010	320700	690	
832	<sp>	320700	320795	95	
833	che	320795	320914	119	
834	è	320914	320970	56	
835	il	320970	321030	60	
836	fondatore	321030	321590	560	
837	dell'ordine	321590	322131	541	
838	e	322131	322240	109	
839	di	322240	322370	130	
840	cui	322370	322670	300	
841	<sp>	322670	322880	210	
842	insomma	322880	323227	347	
843	parleremo	323227	323820	593	
844	diffusamente	323820	324780	960	
845	<inspiration>	324780	325104	324	
846	più	325104	325261	157	
847	tardi	325261	325887	626	
848	<lp>	325887	326760	873	
849	<inspiration>	326760	327461	701	
850	<sp>	327461	327723	262	
851	in	327723	327760	37	
852	realtà	327760	328380	620	
853	<sp>	328380	328690	310	
854	è	328690	328831	141	
855	una	328831	328982	151	
856	conclusione	328982	329576	594	
857	dei	329576	329686	110	
858	lavori	329686	330260	574	
859	<lp>	330260	330910	650	
860	provvisoria	330910	331633	723	
861	in	331633	331675	42	
862	un	331675	331800	125	
863	certo	331800	332190	390	
864	senso	332190	332893	703	
865	<inspiration>	332893	333280	387	
866	perché	333280	333880	600	
867	<ehm>	333880	335092	1212	
868	<tongue-click>	335092	335268	176	
869	dalla/	335268	335594	326	
870	a	335594	335631	37	
871	partire	335631	336215	584	
872	dalla	336215	336460	245	
873	fine	336460	336808	348	
874	del	336808	336940	132	
875	millecinquecento	336940	338245	1305	
876	incominciano	338245	339290	1045	
877	una	339290	339490	200	
878	serie	339490	340041	551	
879	di	340041	340300	259	
880	lavori	340300	340725	425	
881	di	340725	340820	95	
882	ammodernamento	340820	341760	940	
883	e	341760	341800	40	
884	di	341800	341920	120	
885	abbellimento	341920	342640	720	
886	della	342640	342840	200	
887	Certosa	342840	343430	590	
888	che	343430	343700	270	
889	<inspiration>	343700	344189	489	
890	<sp>	344189	344530	341	
891	a	344530	344650	120	
892	fasi	344650	345125	475	
893	più	345125	345300	175	
894	o	345300	345350	50	
895	meno	345350	345520	170	
896	alterne	345520	346326	806	
897	<inspiration>	346326	346610	284	
898	si	346610	346839	229	
899	concluderanno	346839	347920	1081	
900	veramente	347920	349020	1100	
901	solo	349020	349790	770	
902	al/	349790	350020	230	
903	nel	350020	350160	140	
904	Settecento	350160	351110	950	
905	<sp>	351110	351230	120	
906	quindi	351230	351510	280	
907	tra	351510	351720	210	
908	una	351720	351840	120	
909	cosa	351840	352159	319	
910	e	352159	352240	81	
911	l'altra	352240	352825	585	
912	<sp>	352825	353000	175	
913	ci	353000	353146	146	
914	si	353146	353260	114	
915	prolunga	353260	353950	690	
916	<inspiration>	353950	354160	210	
917	per	354160	354290	130	
918	un	354290	354370	80	
919	bel	354370	354555	185	
920	po'	354555	354840	285	
921	ed	354840	355046	206	
922	è	355046	355108	62	
923	per	355108	355292	184	
924	questo	355292	355620	328	
925	motivo	355620	356013	393	
926	che	356013	356110	97	
927	la	356110	356220	110	
928	certosa	356220	356826	606	
929	viene	356826	357092	266	
930	considerata	357092	357780	688	
931	anche	357780	358030	250	
932	uno	358030	358240	210	
933	degli	358240	358503	263	
934	scrigni	358503	359006	503	
935	dell'arte	359006	359508	502	
936	barocca	359508	360180	672	
937	<inspiration>	360180	360477	297	
938	più	360477	360612	135	
939	importanti	360612	361150	538	
940	che	361150	361246	96	
941	ci	361246	361419	173	
942	siano	361419	361800	381	
943	a	361800	361942	142	
944	Napoli	361942	362400	458	
945	quindi	362400	362640	240	
946	questo	362640	362894	254	
947	è	362894	362920	26	
948	proprio	362920	363260	340	
949	uno	363260	363506	246	
950	dei	363506	363651	145	
951	musei	363651	364240	589	
952	<inspiration>	364240	364673	433	
953	<ehm>	364673	365353	680	
954	che/	365353	365480	127	
955	da	365480	365652	172	
956	non	365652	365819	167	
957	mancare	365819	366450	631	
958	soprattutto	366450	366875	425	
959	per	366875	367034	159	
960	chi	367034	367173	139	
961	viene	367173	367424	251	
962	da	367424	367540	116	
963	fuori	367540	367950	410	
964	è	367950	368040	90	
965	uno	368040	368257	217	
966	di	368257	368361	104	
967	quei	368361	368732	371	
968	<inspiration>	368732	368944	212	
969	di	368944	369067	123	
970	quei	369067	369258	191	
971	luoghi	369258	369580	322	
972	che	369580	369660	80	
973	andrebbero	369660	370120	460	
974	visitati	370120	370690	570	
975	<lp>	370690	371216	526	
976	<tongue-click>	371216	371380	164	
977	anche	371380	371630	250	
978	perché	371630	371870	240	
979	c'è	371870	371983	113	
980	un	371983	372027	44	
981	panorama<aa>	372027	373019	992	
982	notevole<ee>	373019	373750	731	
983	tra	373750	373890	140	
984	l'altro	373890	374279	389	
985	<inspiration>	374279	374770	491	
986	quindi	374770	375140	370	
987	è	375140	375267	127	
988	una	375267	375498	231	
989	buona<aa>	375498	376114	616	
990	è	376114	376160	46	
991	un	376160	376253	93	
992	buon	376253	376370	117	
993	modo	376370	376660	290	
994	per	376660	376842	182	
995	dare	376842	377291	449	
996	un'idea	377291	378120	829	
997	<ehm>	378120	379452	1332	
998	di	379452	379628	176	
999	do+/	379628	379760	132	
1000	un	379760	379885	125	
1001	mo+	379885	379971	86	
1002	modo	379971	380230	259	
1003	per	380230	380460	230	
1004	<sp>	380460	380543	83	
1005	avere	380543	380800	257	
1006	un	380800	380920	120	
1007	quadro	380920	381430	510	
1008	diciamo	381430	381728	298	
1009	della	381728	381950	222	
1010	città	381950	382463	513	
1011	<ehm>	382463	383635	1172	
1012	<tongue-click>	383635	383754	119	
1013	intera	383754	384280	526	
1014	<inspiration>	384280	384949	669	
1015	ci	384949	385117	168	
1016	troviamo	385117	385750	633	
1017	all'interno	385750	386516	766	
1018	del	386516	386680	164	
1019	pronao	386680	387323	643	
1020	<lp>	387323	388252	929	
1021	che	388252	388426	174	
1022	è	388426	388513	87	
1023	un	388513	388677	164	
1024	buon	388677	388975	298	
1025	esempio	388975	389767	792	
1026	<eeh>	389767	390201	434	
1027	per<rr>	390201	391120	919	
1028	<ehm>	391120	391547	427	
1029	cercare	391547	391960	413	
1030	di	391960	392070	110	
1031	mostrarvi	392070	392877	807	
1032	<inspiration>	392877	393385	508	
1033	queste	393385	393970	585	
1034	fasi	393970	394473	503	
1035	diverse	394473	395160	687	
1036	<lp>	395160	395920	760	
1037	di	395920	396090	170	
1038	lavorazione	396090	397020	930	
1039	di	397020	397100	80	
1040	ammodernamento	397100	397870	770	
1041	della	397870	398070	200	
1042	certosa	398070	398640	570	
1043	<sp>	398640	398780	140	
1044	siamo	398780	399010	230	
1045	partiti	399010	399390	380	
1046	appunto	399390	399750	360	
1047	dal	399750	399900	150	
1048	milletrecento	399900	400820	920	
1049	quindi	400820	401010	190	
1050	una	401010	401150	140	
1051	fabbrica	401150	401662	512	
1052	<inspiration>	401662	401903	241	
1053	medievale	401903	402770	867	
1054	<inspiration>	402770	403266	496	
1055	se	403266	403413	147	
1056	voi	403413	403626	213	
1057	guardate	403626	404020	394	
1058	sulla	404020	404250	230	
1059	vostra	404250	404590	340	
1060	testa	404590	405150	560	
1061	<sp>	405150	405409	259	
1062	<inspiration>	405409	405711	302	
1063	<tongue-click>	405711	405820	109	
1064	potete	405820	406240	420	
1065	scorgere	406240	407040	800	
1066	<sp>	407040	407470	430	
1067	<inspiration>	407470	407687	217	
1068	<tongue-click>	407687	407910	223	
1069	alcuni	407910	408460	550	
1070	resti	408460	408930	470	
1071	per	408930	409050	120	
1072	esempio	409050	409540	490	
1073	di	409540	409830	290	
1074	<sp>	409830	410150	320	
1075	alcune	410150	410539	389	
1076	tracce	410539	411070	531	
1077	ben	411070	411290	220	
1078	evidenti	411290	412070	780	
1079	<inspiration>	412070	412435	365	
1080	<sp>	412435	412744	309	
1081	<tongue-click>	412744	412892	148	
1082	di	412892	413010	118	
1083	archi	413010	413280	270	
1084	a	413280	413310	30	
1085	sesto	413310	413700	390	
1086	acuto	413700	414160	460	
1087	<sp>	414160	414310	150	
1088	tipici	414310	414960	650	
1089	<sp>	414960	415440	480	
1090	della	415440	416254	814	
1091	<sp>	416254	416660	406	
1092	dell'architettura	416660	417380	720	
1093	gotica	417380	417940	560	
1094	<lp>	417940	418641	701	
1095	<tongue-click>	418641	418780	139	
1096	però	418780	419210	430	
1097	<sp>	419210	419398	188	
1098	diciamo	419398	419700	302	
1099	sopraffatti	419700	420750	1050	
1100	<inspiration>	420750	421130	380	
1101	dalla	421130	421390	260	
1102	decorazione	421390	422180	790	
1103	che	422180	422285	105	
1104	poi	422285	422720	435	
1105	<inspiration>	422720	423031	311	
1106	viene	423031	423540	509	
1107	<inspiration>	423540	423761	221	
1108	<eeh>	423761	424602	841	
1109	appunto<oo>	424602	425340	738	
1110	<inspiration>	425340	425520	180	
1111	<ehm>	425520	427062	1542	
1112	viene	427062	427290	228	
1113	portata	427290	427678	388	
1114	avanti	427678	428370	692	
1115	<inspiration>	428370	428609	239	
1116	dal	428609	428870	261	
1117	toscano	428870	429585	715	
1118	Dosio	429585	430240	655	
1119	<breath>	430240	430420	180	
1120	dalla	430420	430650	230	
1121	fine	430650	430870	220	
1122	del	430870	430930	60	
1123	millecinquecento	430930	431760	830	
1124	come	431760	431910	150	
1125	dicevo	431910	432262	352	
1126	e	432262	432296	34	
1127	poi	432296	432620	324	
1128	per	432620	432780	160	
1129	la	432780	432880	100	
1130	prima	432880	433125	245	
1131	metà	433125	433433	308	
1132	<inspiration>	433433	433746	313	
1133	del<ll>	433746	434554	808	
1134	del	434554	434698	144	
1135	Seicento	434698	435270	572	
1136	<sp>	435270	435466	196	
1137	ovviamente	435466	436012	546	
1138	vi	436012	436120	108	
1139	siete	436120	436330	210	
1140	resi	436330	436602	272	
1141	benissimo	436602	437120	518	
1142	conto	437120	437530	410	
1143	che	437530	437700	170	
1144	l'affresco	437700	438240	540	
1145	che	438240	438318	78	
1146	vi	438318	438422	104	
1147	ho	438422	438449	27	
1148	indicato	438449	438820	371	
1149	prima	438820	439090	270	
1150	naturalmente	439090	439740	650	
1151	non	439740	439871	131	
1152	è	439871	439940	69	
1153	un	439940	440010	70	
1154	affresco	440010	440624	614	
1155	<inspiration>	440624	440975	351	
1156	<eeh>	440975	441596	621	
1157	trecentesco	441596	442400	804	
1158	ma	442400	442560	160	
1159	<sp>	442560	442930	370	
1160	ma	442930	443060	130	
1161	appartiene	443060	443530	470	
1162	appunto	443530	443890	360	
1163	a	443890	443930	40	
1164	questa	443930	444280	350	
1165	fase	444280	444769	489	
1166	<inspiration>	444769	445120	351	
1167	<ehm>	445120	445772	652	
1168	<tongue-click>	445772	445893	121	
1169	seicentesca	445893	446830	937	
1170	<sp>	446830	447130	300	
1171	più	447130	447303	173	
1172	interessante	447303	448080	777	
1173	ancora	448080	448600	520	
1174	del	448600	448750	150	
1175	pronao	448750	449430	680	
1176	<sp>	449430	449724	294	
1177	<tongue-click>	449724	449820	96	
1178	è	449820	449880	60	
1179	naturalmente	449880	450500	620	
1180	quello	450500	450720	220	
1181	che	450720	450790	70	
1182	è	450790	450880	90	
1183	alle	450880	451020	140	
1184	mie	451020	451147	127	
1185	spalle	451147	451660	513	
1186	<sp>	451660	451996	336	
1187	<noise>	451996	452275	279	
1188	<sp>	452275	452480	205	
1189	cioè	452480	452910	430	
1190	<lp>	452910	453493	583	
1191	<tongue-click>	453493	453646	153	
1192	la	453646	453780	134	
1193	chiesa	453780	454240	460	
1194	<sp>	454240	454677	437	
1195	<noise>	454677	454999	322	
1196	<eeh>	454999	455380	381	
1197	del<ll>	455380	456066	686	
1198	della	456066	456300	234	
1199	certosa	456300	456842	542	
1200	che	456842	456942	100	
1201	è	456942	457022	80	
1202	ovviamente	457022	457580	558	
1203	uno	457580	457853	273	
1204	delle<ee>/	457853	458320	467	
1205	dei	458320	458434	114	
1206	luoghi<ii>	458434	459090	656	
1207	<inspiration>	459090	459326	236	
1208	chiave	459326	459780	454	
1209	<inspiration>	459780	460365	585	
1210	<sp>	460365	460660	295	
1211	del<ll>	460660	461188	528	
1212	del	461188	461370	182	
1213	complesso	461370	462040	670	
1214	<inspiration>	462040	462313	273	
1215	sfortunatamente	462313	463193	880	
1216	in	463193	463325	132	
1217	questo	463325	463580	255	
1218	momento	463580	464044	464	
1219	ci	464044	464160	116	
1220	è	464160	464199	39	
1221	impossibile	464199	464970	771	
1222	entrare	464970	465700	730	
1223	perché	465700	466210	510	
1224	<inspiration>	466210	466496	286	
1225	<eeh>	466496	466833	337	
1226	il	466833	466978	145	
1227	pavimento	466978	467551	573	
1228	è	467551	467599	48	
1229	molto	467599	467960	361	
1230	delicato	467960	468670	710	
1231	e	468670	468700	30	
1232	quindi	468700	469257	557	
1233	la	469257	469392	135	
1234	Soprintendenza /	469392	470100	708	
1235	insomma	470100	470415	315	
1236	si	470415	470666	251	
1237	è	470666	470750	84	
1238	scelto	470750	471420	670	
1239	per	471420	471630	210	
1240	un<nn>	471630	472180	550	
1241	<lp>	472180	472990	810	
1242	per	472990	473210	220	
1243	un/	473210	473310	100	
1244	per	473310	473480	170	
1245	ora	473480	473860	380	
1246	insomma	473860	474323	463	
1247	<inspiration>	474323	474730	407	
1248	di	474730	475133	403	
1249	<eeh>	475133	475637	504	
1250	proibire	475637	476164	527	
1251	il	476164	476208	44	
1252	passaggio	476208	476955	747	
1253	dei	476955	477051	96	
1254	visitatori	477051	477569	518	
1255	quindi	477569	477860	291	
1256	<inspiration>	477860	478090	230	
1257	vi	478090	478160	70	
1258	potete	478160	478478	318	
1259	avvicinare	478478	479286	808	
1260	<inspiration>	479286	479628	342	
1261	così	479628	479962	334	
1262	vedete	479962	480263	301	
1263	meglio	480263	480778	515	
1264	però	480778	481160	382	
1265	<sp>	481160	481431	271	
1266	purtroppo	481431	481956	525	
1267	non	481956	482110	154	
1268	possiamo	482110	482950	840	
1269	non	482950	483130	180	
1270	possiamo	483130	483580	450	
1271	entrare	483580	484090	510	
1272	<inspiration>	484090	484695	605	
1273	<lp>	484695	485230	535	
1274	pur	485230	485728	498	
1275	<breath>	485728	486230	502	
1276	non	486230	486582	352	
1277	<ehm>	486582	487020	438	
1278	avendo	487020	487432	412	
1279	accesso	487432	488240	808	
1280	alla	488240	488476	236	
1281	chiesa	488476	489130	654	
1282	<inspiration>	489130	489560	430	
1283	<ehm>	489560	490879	1319	
1284	<sp>	490879	491033	154	
1285	penso	491033	491386	353	
1286	che	491386	491489	103	
1287	vi	491489	491661	172	
1288	rendiate	491661	492210	549	
1289	conto	492210	492970	760	
1290	dell'enorme	492970	494139	1169	
1291	<eeh>	494139	494560	421	
1292	quantità	494560	495310	750	
1293	<inspiration>	495310	495831	521	
1294	di	495831	496138	307	
1295	splendide	496138	496650	512	
1296	opere	496650	496930	280	
1297	d'arte	496930	497280	350	
1298	che	497280	497374	94	
1299	vi	497374	497460	86	
1300	sono	497460	497670	210	
1301	conse+	497670	498080	410	
1302	conservate	498080	498810	730	
1303	all'interno	498810	499580	770	
1304	<inspiration>	499580	499760	180	
1305	<lp>	499760	500298	538	
1306	<eeh>	500298	501046	748	
1307	<sp>	501046	501282	236	
1308	<unclear>	501282	501915	633	
1309	una<aa>/	501915	502520	605	
1310	un	502520	502630	110	
1311	personaggio	502630	503159	529	
1312	di	503159	503245	86	
1313	cui	503245	503341	96	
1314	parleremo	503341	503800	459	
1315	molto	503800	504170	370	
1316	durante	504170	504500	330	
1317	la	504500	504600	100	
1318	visita	504600	504960	360	
1319	che	504960	505280	320	
1320	<inspiration>	505280	505770	490	
1321	interviene	505770	506360	590	
1322	tantissimo	506360	507040	680	
1323	in	507040	507140	100	
1324	chiesa	507140	507530	390	
1325	ma	507530	507690	160	
1326	anche	507690	507851	161	
1327	in	507851	507940	89	
1328	altri	507940	508258	318	
1329	luoghi	508258	508540	282	
1330	della	508540	508750	210	
1331	Certosa	508750	509135	385	
1332	è	509135	509165	30	
1333	Cosimo	509165	509547	382	
1334	Fanzago	509547	510140	593	
1335	<lp>	510140	510851	711	
1336	<tongue-click>	510851	510940	89	
1337	è	510940	511050	110	
1338	lui	511050	511540	490	
1339	che	511540	511970	430	
1340	<inspiration>	511970	512510	540	
1341	in	512510	512650	140	
1342	qualche	512650	512955	305	
1343	modo	512955	513220	265	
1344	diciamo	513220	513541	321	
1345	così	513541	513790	249	
1346	permettetemi	513790	514380	590	
1347	il	514380	514480	100	
1348	termine	514480	514910	430	
1349	si	514910	515070	160	
1350	inventa	515070	515648	578	
1351	<breath>	515648	515774	126	
1352	<sp>	515774	516063	289	
1353	<tongue-click>	516063	516164	101	
1354	questa<aa>	516164	517262	1098	
1355	<breath>	517262	517590	328	
1356	decorazione	517590	518390	800	
1357	in	518390	518520	130	
1358	marmi<ii>	518520	519069	549	
1359	commessi	519069	519730	661	
1360	questi	519730	519994	264	
1361	marmi	519994	520420	426	
1362	pregiati	520420	521050	630	
1363	di	521050	521140	90	
1364	diverso	521140	521743	603	
1365	<inspiration>	521743	522124	381	
1366	colore	522124	522771	647	
1367	<inspiration>	522771	523026	255	
1368	<ehm>	523026	524177	1151	
1369	diciamo	524177	524804	627	
1370	<inspiration>	524804	525016	212	
1371	<ehm>	525016	525906	890	
1372	messi	525906	526229	323	
1373	in	526229	526305	76	
1374	opera	526305	526660	355	
1375	tra	526660	526760	100	
1376	loro	526760	527160	400	
1377	quasi	527160	527577	417	
1378	ancora	527577	527970	393	
1379	una	527970	528070	100	
1380	volta	528070	528330	260	
1381	permettetemi	528330	528970	640	
1382	il	528970	529211	241	
1383	termine	529211	529601	390	
1384	come	529601	529740	139	
1385	una	529740	529840	100	
1386	sorta	529840	530290	450	
1387	<inspiration>	530290	530583	293	
1388	<eeh>	530583	530916	333	
1389	di	530916	531051	135	
1390	puzzle	531051	531645	594	
1391	<sp>	531645	531889	244	
1392	in	531889	531998	109	
1393	realtà	531998	532533	535	
1394	<inspiration>	532533	532740	207	
1395	i+	532740	532869	129	
1396	*proprio/	532869	533372	503	
1397	nel	533372	533539	167	
1398	particolare	533539	534200	661	
1399	il	534200	534290	90	
1400	pavimento	534290	534835	545	
1401	che	534835	534923	88	
1402	vedete	534923	535300	377	
1403	è	535300	535408	108	
1404	più	535408	535559	151	
1405	tardo	535559	536150	591	
1406	cioè	536150	536445	295	
1407	<eeh>	536445	536784	339	
1408	dopo	536784	537185	401	
1409	che	537185	537554	369	
1410	<eeh>	537554	538069	515	
1411	Fanzago	538069	539080	1011	
1412	<lp>	539080	540014	934	
1413	<tongue-click>	540014	540350	336	
1414	lavora	540350	541118	768	
1415	<inspiration>	541118	541430	312	
1416	per	541430	541631	201	
1417	trent'anni	541631	542490	859	
1418	<sp>	542490	542640	150	
1419	in	542640	542770	130	
1420	realtà	542770	543236	466	
1421	qui	543236	543700	464	
1422	<eeh>	543700	544167	467	
1423	in	544167	544340	173	
1424	certosa	544340	544955	615	
1425	la	544955	545131	176	
1426	sua	545131	545277	146	
1427	opera	545277	545611	334	
1428	viene	545611	545899	288	
1429	con+	545899	546113	214	
1430	<ehm>m	546113	546350	237	
1431	continuata	546350	546910	560	
1432	in	546910	546970	60	
1433	questo	546970	547258	288	
1434	caso	547258	547489	231	
1435	da	547489	547598	109	
1436	Bonaventura	547598	548240	642	
1437	Presti	548240	548730	490	
1438	che	548730	548830	100	
1439	tra	548830	548990	160	
1440	l'altro	548990	549260	270	
1441	era	549260	549370	110	
1442	certosino	549370	550080	710	
1443	<inspiration>	550080	550546	466	
1444	quindi	550546	550785	239	
1445	giocava	550785	551100	315	
1446	in	551100	551240	140	
1447	casa	551240	551700	460	
1448	diciamo<oo>	551700	552370	670	
1449	<inspiration>	552370	552786	416	
1450	diciamo	552786	553110	324	
1451	così	553110	553417	307	
1452	<inspiration>	553417	553684	267	
1453	<lp>	553684	554177	493	
1454	<tongue-click>	554177	554249	72	
1455	e	554249	554499	250	
1456	<eeh>	554499	554751	252	
1457	grazie	554751	555107	356	
1458	a	555107	555140	33	
1459	Fanzago	555140	555990	850	
1460	<inspiration>	555990	556250	260	
1461	<eeh>	556250	556620	370	
1462	la	556620	556730	110	
1463	decorazione	556730	557310	580	
1464	in	557310	557410	100	
1465	marmi	557410	557705	295	
1466	commessi	557705	558230	525	
1467	che	558230	558310	80	
1468	solitamente	558310	558980	670	
1469	veniva	558980	559244	264	
1470	dalla	559244	559430	186	
1471	scuola	559430	559740	310	
1472	fiorentina	559740	560450	710	
1473	era	560450	560909	459	
1474	un<nn>	560909	561430	521	
1475	<inspiration>	561430	561650	220	
1476	disegno	561650	561990	340	
1477	molto	561990	562290	300	
1478	geometrico	562290	562986	696	
1479	molto	562986	563234	248	
1480	più	563234	563413	179	
1481	regolare	563413	564031	618	
1482	in	564031	564054	23	
1483	realtà	564054	564372	318	
1484	esplode	564372	565130	758	
1485	in	565130	565220	90	
1486	decorazioni	565220	565936	716	
1487	più	565936	566092	156	
1488	ispirate	566092	566730	638	
1489	alla<aa>	566730	567350	620	
1490	<sp>	567350	567508	158	
1491	alla	567508	567720	212	
1492	natura	567720	568130	410	
1493	<inspiration>	568130	569179	1049	
1494	oltre	569179	569949	770	
1495	<eeh>	569949	570433	484	
1496	i	570433	570572	139	
1497	marmi	570572	571270	698	
1498	noi	571270	571590	320	
1499	le	571590	571660	70	
1500	possiamo	571660	572090	430	
1501	solo	572090	572290	200	
1502	intravedere	572290	573187	897	
1503	ci	573187	573400	213	
1504	sono	573400	573639	239	
1505	le	573639	573750	111	
1506	cappelle	573750	574460	710	
1507	chiaramente	574460	574950	490	
1508	ogni	574950	575220	270	
1509	cappella	575220	575820	600	
1510	è	575820	575865	45	
1511	dedicata	575865	576322	457	
1512	a	576322	576350	28	
1513	un	576350	576490	140	
1514	santo	576490	577161	671	
1515	i	577161	577410	249	
1516	santi	577410	577920	510	
1517	che	577920	578000	80	
1518	vengono	578000	578330	330	
1519	scelti	578330	578730	400	
1520	non	578730	578860	130	
1521	sono	578860	579170	310	
1522	casuali	579170	579787	617	
1523	<sp>	579787	580151	364	
1524	e	580151	580523	372	
1525	sono<oo>	580523	581060	537	
1526	santi	581060	581580	520	
1527	molto	581580	581930	350	
1528	cari	581930	582160	230	
1529	all'ordine	582160	582710	550	
1530	<inspiration>	582710	583040	330	
1531	San	583040	583230	190	
1532	Martino	583230	583770	540	
1533	<lp>	583770	584230	460	
1534	a	584230	584390	160	
1535	cui	584390	584764	374	
1536	è	584764	584916	152	
1537	dedicata	584916	585340	424	
1538	ovviamente	585340	585830	490	
1539	la	585830	585920	90	
1540	certosa	585920	586326	406	
1541	è	586326	586370	44	
1542	un	586370	586440	70	
1543	santo	586440	586780	340	
1544	francese	586780	587560	780	
1545	<inspiration>	587560	587947	387	
1546	quindi	587947	588250	303	
1547	ricordiamo	588250	588823	573	
1548	l'origine	588823	589360	537	
1549	insomma	589360	589760	400	
1550	della<aa>	589760	590230	470	
1551	della	590230	590450	220	
1552	dinastia	590450	591120	670	
1553	<inspiration>	591120	591550	430	
1554	c'è	591550	591730	180	
1555	San	591730	592040	310	
1556	Bruno	592040	592520	480	
1557	<sp>	592520	592775	255	
1558	ovviamente	592775	593550	775	
1559	per	593550	593670	120	
1560	il	593670	593750	80	
1561	motivo	593750	594280	530	
1562	che	594280	594540	260	
1563	vi	594540	594590	50	
1564	dicevo	594590	595110	520	
1565	prima	595110	595540	430	
1566	<inspiration>	595540	596022	482	
1567	c'è	596022	596230	208	
1568	San	596230	596806	576	
1569	San	596806	597020	214	
1570	S+	597020	597249	229	
1571	San	597249	597437	188	
1572	Giovanni	597437	597763	326	
1573	Battista	597763	598490	727	
1574	<inspiration>	598490	598629	139	
1575	<lp>	598629	599630	1001	
1576	che	599630	600103	473	
1577	<eeh>	600103	600775	672	
1578	è	600775	600929	154	
1579	stato	600929	601260	331	
1580	di	601260	601350	90	
1581	fatto	601350	601685	335	
1582	uno	601685	601879	194	
1583	dei	601879	601990	111	
1584	primi	601990	602270	280	
1585	eremiti	602270	602820	550	
1586	<inspiration>	602820	603589	769	
1587	quindi	603589	604180	591	
1588	<lp>	604180	604788	608	
1589	anche	604788	605023	235	
1590	in	605023	605090	67	
1591	questo	605090	605360	270	
1592	senso	605360	605712	352	
1593	è	605712	605767	55	
1594	importante	605767	606340	573	
1595	per	606340	606450	110	
1596	l'ordine	606450	606860	410	
1597	certosino	606860	607520	660	
1598	<inspiration>	607520	608088	568	
1599	<ehm>	608088	609140	1052	
1600	<eeh>	609140	609655	515	
1601	l'Assunta	609655	610540	885	
1602	la<aa>	610540	611157	617	
1603	<sp>	611157	611415	258	
1604	la	611415	611614	199	
1605	Madonna	611614	612040	426	
1606	i	612040	612080	40	
1607	certosini	612080	612630	550	
1608	erano	612630	612859	229	
1609	molto	612859	613718	859	
1610	<eeh>	613718	614870	1152	
1611	<inspiration>	614870	615120	250	
1612	devoti	615120	615840	720	
1613	<lp>	615840	616311	471	
1614	alla	616311	616568	257	
1615	figura	616568	616993	425	
1616	della<aa>	616993	617600	607	
1617	<inspiration>	617600	617843	243	
1618	della	617843	618047	204	
1619	Madonna	618047	618500	453	
1620	e	618500	618630	130	
1621	non	618630	618780	150	
1622	manca	618780	619220	440	
1623	proprio	619220	619476	256	
1624	la	619476	619563	87	
1625	prima	619563	619773	210	
1626	a	619773	619809	36	
1627	sinistra	619809	620410	601	
1628	<sp>	620410	620633	223	
1629	San	620633	620860	227	
1630	Gennaro	620860	621305	445	
1631	<inspiration>	621305	621652	347	
1632	che	621652	621868	216	
1633	ovviamente	621868	622404	536	
1634	essendo	622404	622748	344	
1635	il	622748	622796	48	
1636	nostro	622796	623140	344	
1637	santo	623140	623450	310	
1638	patrono	623450	624070	620	
1639	<inspiration>	624070	624390	320	
1640	non	624390	624612	222	
1641	manca	624612	625180	568	
1642	non	625180	625330	150	
1643	manca	625330	625740	410	
1644	mai	625740	626000	260	
1645	<inspiration>	626000	626238	238	
1646	potrei	626238	626540	302	
1647	farvi	626540	626860	320	
1648	tanti	626860	627290	430	
1649	nomi	627290	627790	500	
1650	<sp>	627790	627900	110	
1651	dei	627900	628061	161	
1652	pittori	628061	628720	659	
1653	che	628720	628830	110	
1654	sono	628830	629139	309	
1655	intervenuti	629139	629808	669	
1656	scelgo	629808	630260	452	
1657	proprio	630260	630600	340	
1658	uno/	630600	631040	440	
1659	ne	631040	631172	132	
1660	ho	631172	631238	66	
1661	<ehm>	631238	631438	200	
1662	uno	631438	631650	212	
1663	in	631650	631750	100	
1664	particolare	631750	632450	700	
1665	<inspiration>	632450	632820	370	
1666	l'autore	632820	633580	760	
1667	<sp>	633580	633870	290	
1668	diciamo<oo>	633870	634500	630	
1669	l'artista	634500	634990	490	
1670	che	634990	635040	50	
1671	interviene	635040	635550	510	
1672	nella	635550	635780	230	
1673	cappella	635780	636220	440	
1674	di	636220	636310	90	
1675	San	636310	636520	210	
1676	Gennaro	636520	636950	430	
1677	è	636950	637039	89	
1678	Battistello	637039	637640	601	
1679	Caracciolo	637640	638260	620	
1680	<inspiration>	638260	638644	384	
1681	che	638644	638779	135	
1682	è	638779	638832	53	
1683	stato	638832	639354	522	
1684	<inspiration>	639354	639666	312	
1685	<ehm>	639666	641289	1623	
1686	<tongue-click>	641289	641415	126	
1687	questo	641415	641700	285	
1688	pittore	641700	642314	614	
1689	che	642314	642420	106	
1690	più	642420	642633	213	
1691	di	642633	642734	101	
1692	tutti	642734	643250	516	
1693	il	643250	643390	140	
1694	seguace	643390	644210	820	
1695	<inspiration>	644210	644890	680	
1696	l'allievo	644890	645535	645	
1697	non	645535	645700	165	
1698	ufficiale	645700	646351	651	
1699	<laugher>	646351	646522	171	
1700	<inspiration>	646522	646885	363	
1701	<eeh>	646885	647127	242	
1702	di	647127	647260	133	
1703	Caravaggio	647260	648084	824	
1704	a	648084	648450	366	
1705	<sp>	648450	648693	243	
1706	a	648693	648781	88	
1707	Napoli	648781	649380	599	
1708	<inspiration>	649380	649670	290	
1709	solo	649670	649930	260	
1710	che	649930	650133	203	
1711	a	650133	650230	97	
1712	differenza	650230	650791	561	
1713	di	650791	650880	89	
1714	Caravaggio	650880	651440	560	
1715	in	651440	651470	30	
1716	questo	651470	651760	290	
1717	caso	651760	652050	290	
1718	lui	652050	652200	150	
1719	lo	652200	652350	150	
1720	lo	652350	652460	110	
1721	vediamo	652460	652780	320	
1722	lavorare	652780	653190	410	
1723	anche	653190	653420	230	
1724	in	653420	653510	90	
1725	affresco	653510	654070	560	
1726	cosa	654070	654360	290	
1727	che	654360	654576	216	
1728	per	654576	654770	194	
1729	quanto	654770	655088	318	
1730	ne	655088	655159	71	
1731	sappiamo	655159	655640	481	
1732	insomma	655640	656070	430	
1733	<inspiration>	656070	656627	557	
1734	Caravaggio	656627	657340	713	
1735	non	657340	657516	176	
1736	utilizzò	657516	658111	595	
1737	<inspiration>	658111	658385	274	
1738	mai	658385	659000	615	
1739	<lp>	659000	659548	548	
1740	<tongue-click>	659548	659750	202	
1741	quella	659750	659950	200	
1742	tecnica	659950	660557	607	
1743	almeno	660557	660910	353	
1744	per	660910	661070	160	
1745	quanto	661070	661380	310	
1746	ne	661380	661475	95	
1747	sappiamo	661475	662240	765	
1748	<inspiration>	662240	662525	285	
1749	<ehm>	662525	664142	1617	
1750	<inspiration>	664142	664463	321	
1751	<tongue-click>	664463	664551	88	
1752	ad	664551	664680	129	
1753	oggi	664680	665140	460	
1754	per	665140	665370	230	
1755	come	665370	665776	406	
1756	è	665776	666059	283	
1757	la	666059	666244	185	
1758	situazione	666244	666767	523	
1759	degli	666767	666910	143	
1760	studi	666910	667528	618	
1761	<inspiration>	667528	668063	535	
1762	<eeh>	668063	668371	308	
1763	vi	668371	668510	139	
1764	segnalo	668510	669090	580	
1765	inoltre	669090	669540	450	
1766	anche	669540	670180	640	
1767	<lp>	670180	670770	590	
1768	la	670770	670868	98	
1769	balaustrata	670868	671790	922	
1770	prima	671790	672383	593	
1771	dell'altare	672383	673310	927	
1772	dove	673310	673893	583	
1773	ci	673893	674048	155	
1774	sono	674048	674220	172	
1775	anche	674220	674500	280	
1776	degli	674500	674749	249	
1777	inserti	674749	675510	761	
1778	<lp>	675510	675960	450	
1779	in	675960	676180	220	
1780	pietre	676180	676750	570	
1781	<inspiration>	676750	677040	290	
1782	molto	677040	677400	360	
1783	pregiate	677400	677970	570	
1784	come	677970	678300	330	
1785	il	678300	678358	58	
1786	lapislazzulo	678358	679240	882	
1787	<inspiration>	679240	679810	570	
1788	<sp>	679810	679987	177	
1789	e	679987	680224	237	
1790	<sp>	680224	680482	258	
1791	alle	680482	680758	276	
1792	spalle	680758	681490	732	
1793	<lp>	681490	681959	469	
1794	<tongue-click>	681959	682030	71	
1795	l'altare	682030	682700	670	
1796	<lp>	682700	683350	650	
1797	che	683350	683670	320	
1798	<sp>	683670	684080	410	
1799	oddio	684080	684360	280	
1800	a	684360	684420	60	
1801	distanza	684420	684990	570	
1802	non	684990	685100	110	
1803	so	685100	685200	100	
1804	se	685200	685332	132	
1805	vi	685332	685477	145	
1806	rendete	685477	685819	342	
1807	conto	685819	686114	295	
1808	di	686114	686220	106	
1809	che	686220	686310	90	
1810	materiali	686310	687250	940	
1811	<eeh>	687250	687764	514	
1812	è	687764	687880	116	
1813	fatto	687880	688600	720	
1814	<breath>	688600	688886	286	
1815	<inspiration>	688886	689519	633	
1816	<lp>	689519	691080	1561	
1817	difficile	691080	691700	620	
1818	<breath>	691700	692530	830	
1819	<inspiration>	692530	693220	690	
1820	<tongue-click>	693220	693610	390	
1821	in	693610	693688	78	
1822	realtà	693688	694289	601	
1823	<eeh>	694289	694685	396	
1824	per	694685	695120	435	
1825	capire	695120	695630	510	
1826	veramente	695630	696600	970	
1827	<inspiration>	696600	696923	323	
1828	di	696923	697050	127	
1829	cosa	697050	697226	176	
1830	è	697226	697284	58	
1831	fatto	697284	697610	326	
1832	quest'altare	697610	698153	543	
1833	bisogna	698153	698530	377	
1834	avvicinarsi	698530	699140	610	
1835	moltissimo	699140	699880	740	
1836	<inspiration>	699880	700357	477	
1837	<sp>	700357	700590	233	
1838	perché	700590	700860	270	
1839	in	700860	700910	50	
1840	una	700910	701050	140	
1841	chiesa	701050	701360	310	
1842	ricca	701360	701614	254	
1843	come	701614	701810	196	
1844	questa	701810	702080	270	
1845	ci	702080	702150	70	
1846	aspetteremmo	702150	702770	620	
1847	appunto	702770	703170	400	
1848	di	703170	703257	87	
1849	vedere	703257	703550	293	
1850	un	703550	703660	110	
1851	altare	703660	704310	650	
1852	<inspiration>	704310	705070	760	
1853	<eeh>	705070	705499	429	
1854	decorato	705499	706170	671	
1855	per	706170	706343	173	
1856	l'appunto	706343	706950	607	
1857	con	706950	707341	391	
1858	le	707341	707439	98	
1859	stesse	707439	707940	501	
1860	pietre	707940	708300	360	
1861	pregiate	708300	709116	816	
1862	che	709116	709216	100	
1863	abbiamo	709216	709520	304	
1864	visto	709520	709800	280	
1865	prima	709800	710170	370	
1866	<inspiration>	710170	710420	250	
1867	in	710420	710516	96	
1868	realtà	710516	710910	394	
1869	<sp>	710910	711130	220	
1870	l'altare	711130	711528	398	
1871	di	711528	711638	110	
1872	legno	711638	712000	362	
1873	<breath>	712000	712330	330	
1874	<laughter>	712330	712658	328	
1875	<inspiration>	712658	713008	350	
1876	quindi	713008	713238	230	
1877	è	713238	713270	32	
1878	stato	713270	713661	391	
1879	disegnato	713661	714310	649	
1880	sì	714310	714624	314	
1881	da	714624	714880	256	
1882	uno	714880	715140	260	
1883	dei	715140	715247	107	
1884	più	715247	715417	170	
1885	grandi	715417	715880	463	
1886	pittori	715880	716560	680	
1887	e	716560	716590	30	
1888	architetti	716590	717442	852	
1889	a	717442	717550	108	
1890	cavallo	717550	717930	380	
1891	tra	717930	718005	75	
1892	il	718005	718080	75	
1893	Seicento	718080	718490	410	
1894	e	718490	718511	21	
1895	il	718511	718529	18	
1896	Settecento	718529	719180	651	
1897	Solimena	719180	719840	660	
1898	<sp>	719840	720316	476	
1899	<inspiration>	720316	721025	709	
1900	<sp>	721025	721390	365	
1901	ma	721390	721640	250	
1902	<sp>	721640	721820	180	
1903	è	721820	721940	120	
1904	rimasto	721940	722463	523	
1905	appunto<oo>	722463	723371	908	
1906	<ehm>	723371	724620	1249	
1907	<breath>	724620	724928	308	
1908	un	724928	725100	172	
1909	altare	725100	725883	783	
1910	di	725883	726270	387	
1911	un	726270	726340	70	
1912	materiale	726340	726873	533	
1913	molto	726873	727210	337	
1914	meno	727210	727411	201	
1915	nobile	727411	727815	404	
1916	cioè	727815	728030	215	
1917	il	728030	728170	140	
1918	legno	728170	728668	498	
1919	anche	728668	729520	852	
1920	<vocal>	729520	730100	580	
1921	gli	730100	730210	110	
1922	angeli	730210	730810	600	
1923	che	730810	730930	120	
1924	vedete	730930	731410	480	
1925	ai	731410	731610	200	
1926	lati	731610	732120	510	
1927	dell'altare	732120	733110	990	
1928	<inspiration>	733110	733670	560	
1929	sono	733670	733850	180	
1930	lì	733850	734003	153	
1931	per	734003	734130	127	
1932	ingannarci	734130	735134	1004	
1933	<sp>	735134	735289	155	
1934	perché	735289	735600	311	
1935	con	735600	735770	170	
1936	questo	735770	736130	360	
1937	colore	736130	736725	595	
1938	argenteo	736725	737710	985	
1939	appunto	737710	738300	590	
1940	simulano	738300	739180	880	
1941	<sp>	739180	739380	200	
1942	un	739380	739470	90	
1943	metallo	739470	740170	700	
1944	<breath	740170	740382	212	
1945	<inspiration>	740382	740910	528	
1946	ma	740910	741160	250	
1947	in	741160	741327	167	
1948	realtà	741327	741861	534	
1949	sono	741861	742130	269	
1950	fatti	742130	742396	266	
1951	di	742396	742490	94	
1952	cartapesta	742490	743190	700	
1953	<sp>	743190	743503	313	
1954	quindi	743503	743720	217	
1955	ancora	743720	744070	350	
1956	in	744070	744140	70	
1957	questo	744140	744510	370	
1958	caso	744510	745052	542	
1959	<sp>	745052	745285	233	
1960	<laughter>	745285	745750	465	
1961	in	745750	745880	130	
1962	verità	745880	746341	461	
1963	<inspiration>	746341	746793	452	
1964	<eeh>	746793	747020	227	
1965	stiamo	747020	747300	280	
1966	parlando	747300	747666	366	
1967	di	747666	747730	64	
1968	un	747730	747795	65	
1969	materiale	747795	748259	464	
1970	molto	748259	748600	341	
1971	povero	748600	748980	380	
1972	<inspiration>	748980	749420	440	
1973	mi	749420	749540	120	
1974	piace	749540	749920	380	
1975	ricordarvi	749920	750490	570	
1976	anche	750490	750739	249	
1977	il	750739	750870	131	
1978	nome	750870	751240	370	
1979	di	751240	751340	100	
1980	questo<oo>/	751340	752310	970	
1981	dell'autore	752310	753060	750	
1982	di	753060	753243	183	
1983	questi	753243	753610	367	
1984	angeli	753610	754190	580	
1985	perché	754190	754820	630	
1986	<ehm>	754820	755700	880	
1987	<inspiration>	755700	756033	333	
1988	è	756033	756165	132	
1989	uno	756165	756290	125	
1990	scultore	756290	757276	986	
1991	<inspiration>	757276	757650	374	
1992	molto	757650	758031	381	
1993	noto	758031	758300	269	
1994	soprattutto	758300	758930	630	
1995	ai	758930	758980	50	
1996	napoletani	758980	759740	760	
1997	<lp>	759740	760688	948	
1998	<tongue-click>	760688	760840	152	
1999	è	760840	761067	227	
2000	Giuseppe	761067	761480	413	
2001	Sammartino	761480	762260	780	
2002	<lp>	762260	762840	580	
2003	che	762840	762995	155	
2004	è	762995	763100	105	
2005	colui	763100	763560	460	
2006	che	763560	763670	110	
2007	ha	763670	763745	75	
2008	realizzato	763745	764560	815	
2009	il	764560	764610	50	
2010	famosissimo	764610	765340	730	
2011	Cristo	765340	765680	340	
2012	velato	765680	766310	630	
2013	<sp>	766310	766460	150	
2014	all'interno	766460	767220	760	
2015	che	767220	767260	40	
2016	si	767260	767410	150	
2017	può	767410	767526	116	
2018	vedere	767526	767800	274	
2019	ancora	767800	768110	310	
2020	oggi	768110	768410	300	
2021	all'interno	768410	768910	500	
2022	della	768910	769120	210	
2023	Cappella	769120	769500	380	
2024	Sansevera	769500	769953	453	
2025	<inspiration>	769953	770292	339	
2026	a	770292	770355	63	
2027	Sansevero	770355	770790	435	
2028	perché	770790	771070	280	
2029	molti	771070	771510	440	
2030	anche	771510	771780	270	
2031	a	771780	771830	50	
2032	Napoli	771830	772333	503	
2033	pensano	772333	772810	477	
2034	che	772810	773070	260	
2035	<lp>	773070	773830	760	
2036	Sammartino	773830	774400	570	
2037	abbia	774400	774620	220	
2038	fatto	774620	774930	310	
2039	solo	774930	775190	260	
2040	il	775190	775270	80	
2041	Cristo	775270	775620	350	
2042	velato	775620	776230	610	
2043	e	776230	776300	70	
2044	poi	776300	776437	137	
2045	a	776437	776490	53	
2046	un	776490	776530	40	
2047	certo	776530	776769	239	
2048	punto	776769	776975	206	
2049	sia	776975	777230	255	
2050	<inspiration>	777230	777682	452	
2051	svanito	777682	778687	1005	
2052	<eeh>	778687	779151	464	
2053	nel	779151	779400	249	
2054	nulla	779400	780050	650	
2055	in	780050	780160	110	
2056	realtà	780160	780596	436	
2057	è	780596	780680	84	
2058	stato	780680	780920	240	
2059	appunto	780920	781400	480	
2060	il	781400	781470	70	
2061	più	781470	781620	150	
2062	grande	781620	781950	330	
2063	scultore	781950	782460	510	
2064	napoletano	782460	783050	590	
2065	<inspiration>	783050	783400	350	
2066	di	783400	783500	100	
2067	quel	783500	783980	480	
2068	<sp>	783980	784190	210	
2069	di	784190	784340	150	
2070	quel	784340	784490	150	
2071	periodo	784490	784919	429	
2072	<inspiration>	784919	785182	263	
2073	più	785182	785328	146	
2074	tardi	785328	785850	522	
2075	durante	785850	786230	380	
2076	la	786230	786302	72	
2077	nostra	786302	786690	388	
2078	visita	786690	787116	426	
2079	avremo	787116	787451	335	
2080	modo	787451	787753	302	
2081	di	787753	787880	127	
2082	vedere	787880	788450	570	
2083	<sp>	788450	788780	330	
2084	quello	788780	789107	327	
2085	che	789107	789230	123	
2086	c'è	789230	789518	288	
2087	alle	789518	789695	177	
2088	spalle	789695	790340	645	
2089	<lp>	790340	790620	280	
2090	dell'altare	790620	791160	540	
